Cluster Size, Frequency
1, 690164
2, 53173
3, 16297
4, 8163
5, 5067
6, 3607
7, 2966
8, 2416
9, 2049
10, 1889
11, 1685
12, 1527
13, 1415
14, 1276
15, 1116
16, 1075
17, 1009
18, 929
19, 800
20, 751
21, 643
22, 653
23, 544
24, 532
25, 484
26, 415
27, 363
28, 293
29, 270
30, 233
31, 247
32, 199
33, 163
34, 152
35, 125
36, 106
37, 115
38, 98
39, 84
40, 63
41, 62
42, 66
43, 58
44, 60
45, 36
46, 40
47, 31
48, 32
49, 26
50, 27
51, 16
52, 23
53, 30
54, 20
55, 22
56, 16
57, 19
58, 8
59, 7
60, 11
61, 10
62, 12
63, 7
64, 8
65, 9
66, 9
67, 11
68, 5
69, 5
70, 7
71, 6
72, 6
73, 5
74, 5
75, 3
76, 2
77, 3
78, 4
79, 5
80, 9
81, 2
82, 5
83, 6
84, 3
85, 2
86, 5
87, 5
88, 3
89, 1
90, 2
91, 1
92, 2
93, 1
94, 2
95, 4
96, 2
99, 1
100, 2
102, 2
103, 1
107, 1
108, 1
109, 1
111, 1
115, 1
116, 1
120, 1
124, 1
129, 1
135, 1
142, 1
160, 1
162, 1
167, 1
183, 1
198, 1
215, 1
