Starting index build with R: 16  Lbuild: 25  alpha: 1.2  #threads: 1
L2: Using AVX2 distance computation DistanceL2Float
Using only first 1000000 from file.. 
Starting index build with 1000000 points... 
Clustering Parameters: max cluster size: 100000000, point multiplicity: 5, clustering threshold: 2, hybrid ratio: 1
Standard DiskANN Points (Points before we begin clustering): 1000000



Node: 0
0% of index build completed.init_ids (within search_for_point_and_prune): 712003 
L list: 712003 1.5071

New Cluster (ID): 0



Node: 1
init_ids (within search_for_point_and_prune): 712003 
L list: 712003 1.60913
0 1.73782

New Cluster (ID): 1



Node: 2
init_ids (within search_for_point_and_prune): 712003 
L list: 712003 1.54029
0 1.70276
1 1.88292

New Cluster (ID): 2



Node: 3
init_ids (within search_for_point_and_prune): 712003 
L list: 1 1.61826
0 1.72029
712003 1.83098
2 1.85875

New Cluster (ID): 3



Node: 4
init_ids (within search_for_point_and_prune): 712003 
L list: 0 1.38408
712003 1.4934
2 1.66583
1 1.68648
3 1.79584

New Cluster (ID): 4



Node: 5
init_ids (within search_for_point_and_prune): 712003 
L list: 712003 1.17775
0 1.39637
2 1.52265
1 1.64742
4 1.67517
3 1.8126

New Cluster (ID): 5



Node: 6
init_ids (within search_for_point_and_prune): 712003 
L list: 712003 1.30075
5 1.33894
2 1.53576
3 1.66355
1 1.69904
0 1.70438
4 1.81699

New Cluster (ID): 6



Node: 7
init_ids (within search_for_point_and_prune): 712003 
L list: 6 1.56625
2 1.61454
712003 1.65427
5 1.70806
3 1.76255
4 1.77704
1 1.81821
0 1.8379

New Cluster (ID): 7



Node: 8
init_ids (within search_for_point_and_prune): 712003 
L list: 6 1.52109
1 1.58661
712003 1.62736
5 1.72692
0 1.77164
7 1.78861
3 1.85782
2 1.85881
4 1.93708

New Cluster (ID): 8



Node: 9
init_ids (within search_for_point_and_prune): 712003 
L list: 712003 1.34222
5 1.54427
2 1.5747
7 1.61988
0 1.65604
6 1.68847
8 1.69433
4 1.72679
1 1.73141
3 1.90038

New Cluster (ID): 9



Node: 10
init_ids (within search_for_point_and_prune): 712003 
L list: 7 1.44765
6 1.49756
5 1.60549
8 1.60784
3 1.61917
712003 1.64234
1 1.65051
0 1.67591
2 1.74588
4 1.77099
9 1.78391

New Cluster (ID): 10



Node: 11
init_ids (within search_for_point_and_prune): 712003 
L list: 9 1.46287
712003 1.52448
6 1.56313
5 1.57836
1 1.62694
2 1.7117
8 1.72394
0 1.72503
7 1.74809
10 1.76382
3 1.79686
4 1.83328

New Cluster (ID): 11



Node: 12
init_ids (within search_for_point_and_prune): 712003 
L list: 712003 1.4003
1 1.55579
11 1.58184
9 1.61094
4 1.62705
5 1.63499
10 1.73631
7 1.74402
2 1.77507
0 1.77604
8 1.77655
3 1.77892
6 1.78977

New Cluster (ID): 12



Node: 13
init_ids (within search_for_point_and_prune): 712003 
L list: 12 1.43316
712003 1.45829
5 1.47914
11 1.50931
4 1.57041
1 1.61331
10 1.6311
0 1.63382
9 1.66971
6 1.70286
7 1.70591
8 1.82544
3 1.83205
2 1.93019

New Cluster (ID): 13



Node: 14
init_ids (within search_for_point_and_prune): 712003 
L list: 6 1.40862
11 1.44851
712003 1.46062
5 1.51704
7 1.53971
9 1.63277
13 1.65443
12 1.67172
10 1.68336
2 1.74462
8 1.76663
0 1.77081
4 1.86293
1 1.92009
3 1.96485

New Cluster (ID): 14



Node: 15
init_ids (within search_for_point_and_prune): 712003 
L list: 712003 1.09615
5 1.29412
13 1.4301
12 1.43406
10 1.48879
11 1.52609
4 1.53849
6 1.58379
1 1.58869
9 1.61483
0 1.62968
14 1.64607
8 1.67741
7 1.70748
3 1.73092
2 1.8675

New Cluster (ID): 15



Node: 16
init_ids (within search_for_point_and_prune): 712003 
L list: 15 1.05662
712003 1.19701
12 1.41559
1 1.42513
4 1.55602
3 1.56867
10 1.59244
13 1.60031
9 1.6336
5 1.65403
0 1.65499
11 1.72418
6 1.75956
8 1.7812
14 1.78592
7 1.78758
2 1.90428

New Cluster (ID): 16



Node: 17
init_ids (within search_for_point_and_prune): 712003 
L list: 6 1.57207
2 1.59398
15 1.65488
5 1.65751
3 1.65996
1 1.71235
12 1.72081
9 1.74573
712003 1.76918
4 1.77627
11 1.79274
8 1.79926
0 1.81221
7 1.8331
16 1.84733
13 1.88256
10 1.92763
14 1.98922

New Cluster (ID): 17



Node: 18
init_ids (within search_for_point_and_prune): 712003 
L list: 15 1.52047
11 1.61508
16 1.61687
5 1.63367
1 1.64526
10 1.66388
712003 1.67358
7 1.67917
13 1.71798
9 1.73222
0 1.74146
3 1.74189
12 1.75092
6 1.77539
2 1.7818
8 1.8055
14 1.82727
17 1.86197
4 1.89538

New Cluster (ID): 18



Node: 19
init_ids (within search_for_point_and_prune): 712003 
L list: 12 1.25495
712003 1.49122
15 1.52246
16 1.54712
5 1.6365
13 1.64079
9 1.65014
0 1.66152
11 1.67061
6 1.70217
1 1.71262
4 1.72018
10 1.72828
14 1.73467
8 1.7661
7 1.78828
18 1.83165
17 1.84818
2 1.87083
3 1.90507

New Cluster (ID): 19



Node: 20
init_ids (within search_for_point_and_prune): 712003 
L list: 712003 1.37713
9 1.43067
15 1.46111
11 1.50921
12 1.55681
6 1.5829
13 1.59987
5 1.64541
19 1.66508
4 1.66986
0 1.67486
16 1.68111
14 1.69857
17 1.75269
1 1.76398
18 1.80535
7 1.81442
3 1.83139
2 1.84744
8 1.86232
10 1.87102

New Cluster (ID): 20



Node: 21
init_ids (within search_for_point_and_prune): 712003 
L list: 12 1.3365
19 1.41403
712003 1.43569
11 1.44625
15 1.48217
13 1.50027
16 1.52638
20 1.53715
5 1.58575
1 1.60026
9 1.60052
4 1.60406
0 1.63049
14 1.6712
10 1.67842
18 1.76662
7 1.77434
6 1.7747
8 1.80991
2 1.8422
3 1.84335
17 1.84612

New Cluster (ID): 21



Node: 22
init_ids (within search_for_point_and_prune): 712003 
L list: 5 1.38502
712003 1.39531
12 1.42231
15 1.431
16 1.44545
6 1.47679
21 1.50808
19 1.51332
10 1.51633
0 1.54501
11 1.553
8 1.55648
1 1.56353
14 1.57712
13 1.57766
9 1.62541
7 1.66135
18 1.71217
20 1.72143
4 1.75876
2 1.81733
3 1.82161
17 1.82449

New Cluster (ID): 22



Node: 23
init_ids (within search_for_point_and_prune): 712003 
L list: 20 1.54474
19 1.54728
21 1.59259
11 1.63678
712003 1.67156
4 1.69438
9 1.70676
18 1.71782
12 1.72015
22 1.73668
14 1.76374
16 1.76653
0 1.76729
17 1.7808
1 1.78703
15 1.83098
5 1.8363
6 1.8445
13 1.85813
7 1.86079
8 1.87794
2 1.89731
10 1.94063
3 1.99931

New Cluster (ID): 23



Node: 24
init_ids (within search_for_point_and_prune): 712003 
L list: 12 1.3568
15 1.4565
22 1.4814
16 1.4971
5 1.51202
712003 1.52851
19 1.5385
21 1.53851
13 1.60471
1 1.62009
10 1.62999
6 1.64349
0 1.64824
20 1.65089
4 1.67513
3 1.68564
11 1.70643
7 1.72459
18 1.73149
8 1.73283
9 1.74613
23 1.75064
14 1.75573
17 1.76156
2 1.78746

New Cluster (ID): 24



Node: 25
init_ids (within search_for_point_and_prune): 712003 
L list: 20 1.41937
11 1.47641
712003 1.48797
14 1.49856
5 1.51274
15 1.53561
9 1.54108
0 1.61374
21 1.61601
23 1.65189
19 1.65991
10 1.66761
4 1.67387
7 1.67577
18 1.70741
24 1.71278
13 1.71442
6 1.72965
12 1.73184
16 1.7331
22 1.77132
2 1.82557
8 1.85337
17 1.86977
1 1.88324

New Cluster (ID): 25



Node: 26
init_ids (within search_for_point_and_prune): 712003 
L list: 712003 0.916325
5 1.39416
20 1.42339
15 1.43693
6 1.45089
16 1.45325
21 1.47078
12 1.4772
22 1.50394
8 1.52545
24 1.52893
9 1.53375
14 1.55954
1 1.56225
25 1.59417
11 1.59477
17 1.62638
0 1.62892
10 1.66055
13 1.66186
19 1.67713
23 1.68551
2 1.72325
4 1.72486
7 1.75898

New Cluster (ID): 26



Node: 27
init_ids (within search_for_point_and_prune): 712003 
L list: 712003 1.30008
15 1.34351
13 1.35111
11 1.39423
26 1.45791
5 1.49526
16 1.4978
0 1.54794
21 1.55747
22 1.5814
6 1.58771
8 1.58921
25 1.6207
18 1.633
10 1.64094
24 1.64696
9 1.65574
12 1.65577
4 1.67557
19 1.69356
14 1.69879
17 1.7162
1 1.71867
23 1.72862
20 1.73397

New Cluster (ID): 27



Node: 28
init_ids (within search_for_point_and_prune): 712003 
L list: 12 1.20054
19 1.28039
13 1.33068
22 1.3601
15 1.36959
16 1.4332
24 1.46586
21 1.49025
712003 1.5084
27 1.57158
5 1.57294
1 1.58416
20 1.59531
9 1.59818
26 1.60666
25 1.64574
10 1.64607
0 1.65927
17 1.6636
8 1.69126
11 1.69143
18 1.70036
7 1.70327
14 1.70629
4 1.73896

New Cluster (ID): 28



Node: 29
init_ids (within search_for_point_and_prune): 712003 
L list: 23 1.40847
9 1.56485
712003 1.57448
18 1.57723
2 1.58163
26 1.59712
20 1.60513
25 1.62076
4 1.62782
14 1.63318
7 1.64257
11 1.67816
12 1.69286
5 1.69574
6 1.69911
21 1.71783
28 1.723
0 1.72883
22 1.74773
17 1.75087
1 1.7769
15 1.77781
24 1.80602
19 1.82481
10 1.82737

New Cluster (ID): 29



Node: 30
init_ids (within search_for_point_and_prune): 712003 
L list: 13 1.34231
712003 1.37237
26 1.421
20 1.42266
5 1.44528
21 1.48596
25 1.49645
15 1.52633
28 1.53318
27 1.5514
23 1.57106
19 1.57529
11 1.58628
14 1.612
12 1.62433
22 1.62841
9 1.63152
6 1.64014
16 1.68155
7 1.70624
24 1.72218
18 1.73164
29 1.74249
10 1.76215
4 1.78051

New Cluster (ID): 30



Node: 31
init_ids (within search_for_point_and_prune): 712003 
L list: 16 1.46486
27 1.49091
3 1.50124
712003 1.54933
18 1.55553
26 1.56023
25 1.56809
11 1.58507
6 1.61727
15 1.6234
13 1.64193
10 1.66072
14 1.66559
5 1.68882
4 1.6909
1 1.71881
22 1.71942
8 1.72595
28 1.73418
30 1.73426
12 1.73501
9 1.74778
7 1.75577
20 1.77098
0 1.78676

New Cluster (ID): 31



Node: 32
init_ids (within search_for_point_and_prune): 712003 
L list: 16 1.26698
15 1.29909
712003 1.36958
4 1.4387
0 1.44562
5 1.4533
27 1.48222
21 1.49702
19 1.52686
20 1.52957
23 1.5314
12 1.54625
9 1.55656
28 1.5765
24 1.5859
26 1.60801
22 1.61243
30 1.61459
11 1.63285
13 1.63822
25 1.66339
31 1.68316
6 1.68435
29 1.73095
7 1.73655

New Cluster (ID): 32



Node: 33
init_ids (within search_for_point_and_prune): 712003 
L list: 712003 1.36545
22 1.39763
6 1.40203
26 1.48016
21 1.53378
32 1.53495
5 1.53972
15 1.54527
20 1.54702
1 1.57697
12 1.57755
0 1.58096
9 1.59162
16 1.60226
13 1.61035
4 1.62224
24 1.63025
11 1.63657
30 1.64952
28 1.65898
10 1.66379
27 1.67195
17 1.67321
3 1.68776
19 1.69362

New Cluster (ID): 33



Node: 34
init_ids (within search_for_point_and_prune): 712003 
L list: 7 1.44282
22 1.45764
13 1.46419
14 1.5201
9 1.54903
28 1.55356
30 1.59365
20 1.60412
32 1.61666
712003 1.62756
11 1.63799
15 1.65043
5 1.65487
27 1.65743
12 1.66967
21 1.68468
33 1.68707
6 1.69599
26 1.7073
4 1.72498
1 1.7446
25 1.74707
2 1.75132
29 1.76511
0 1.7698

New Cluster (ID): 34



Node: 35
init_ids (within search_for_point_and_prune): 712003 
L list: 24 1.60151
16 1.63341
22 1.63375
5 1.66667
26 1.66722
1 1.67516
8 1.68029
28 1.68188
15 1.69238
0 1.71885
31 1.72788
712003 1.72919
33 1.74708
32 1.75031
21 1.76741
3 1.76825
10 1.77962
27 1.78482
18 1.79283
19 1.79307
13 1.79443
6 1.79892
9 1.81212
12 1.81543
30 1.83038

New Cluster (ID): 35



Node: 36
init_ids (within search_for_point_and_prune): 712003 
L list: 712003 1.28895
27 1.32422
14 1.38501
11 1.42358
22 1.48668
5 1.49109
26 1.50065
32 1.5044
15 1.51608
13 1.52173
33 1.52207
21 1.52919
9 1.53512
23 1.54092
30 1.54686
34 1.57728
4 1.59923
6 1.60135
0 1.60286
28 1.60386
16 1.60537
29 1.60633
20 1.60711
19 1.62979
12 1.64886

New Cluster (ID): 36



Node: 37
init_ids (within search_for_point_and_prune): 712003 
L list: 34 1.42657
5 1.44567
29 1.45348
7 1.4803
36 1.48509
2 1.53008
712003 1.53625
0 1.56631
32 1.56958
14 1.58718
27 1.60329
21 1.6062
9 1.63688
30 1.6401
33 1.6529
22 1.65311
18 1.6546
23 1.66295
4 1.66597
26 1.66741
6 1.68147
11 1.68374
13 1.70068
15 1.71335
20 1.72655

New Cluster (ID): 37



Node: 38
init_ids (within search_for_point_and_prune): 712003 
L list: 26 0.765307
712003 0.793534
5 1.32673
20 1.39807
9 1.40777
36 1.4244
15 1.43416
6 1.46741
24 1.48686
21 1.49655
12 1.49763
25 1.50637
33 1.50939
27 1.515
16 1.55059
22 1.55276
30 1.56409
32 1.58
11 1.59626
31 1.60306
8 1.61646
0 1.62397
19 1.62477
14 1.62521
13 1.63824

New Cluster (ID): 38



Node: 39
init_ids (within search_for_point_and_prune): 712003 
L list: 15 0.888193
712003 1.16926
16 1.23346
5 1.36768
13 1.41454
26 1.4236
28 1.4246
27 1.43427
38 1.44545
32 1.46347
22 1.47607
12 1.49887
30 1.50199
20 1.53186
21 1.54053
10 1.55457
24 1.56971
19 1.57444
1 1.58752
25 1.58779
33 1.59605
36 1.60737
18 1.61249
11 1.62136
0 1.64159

New Cluster (ID): 39



Node: 40
init_ids (within search_for_point_and_prune): 712003 
L list: 712003 1.53111
33 1.55158
9 1.55492
1 1.56513
38 1.56958
6 1.58025
11 1.61435
5 1.61512
23 1.62045
32 1.62268
37 1.62438
36 1.6296
26 1.62988
22 1.647
29 1.67166
20 1.68526
17 1.68534
0 1.68929
7 1.69176
8 1.69204
28 1.69468
12 1.70887
4 1.70967
39 1.71661
2 1.72549

New Cluster (ID): 40



Node: 41
init_ids (within search_for_point_and_prune): 712003 
L list: 33 1.46862
6 1.50844
0 1.58102
22 1.60048
5 1.60673
712003 1.62085
14 1.62457
26 1.63504
10 1.63981
8 1.64095
2 1.64361
36 1.64777
25 1.65067
15 1.65933
38 1.677
28 1.68508
7 1.69554
11 1.69953
37 1.703
21 1.71485
40 1.71852
12 1.72147
31 1.72375
32 1.72776
9 1.72864

New Cluster (ID): 41



Node: 42
init_ids (within search_for_point_and_prune): 712003 
L list: 712003 1.17815
26 1.21241
38 1.24475
39 1.32116
15 1.32726
16 1.34404
12 1.41473
32 1.45101
28 1.46845
19 1.47491
5 1.50035
24 1.51902
33 1.52423
9 1.53555
35 1.55335
21 1.56004
1 1.56445
22 1.56867
0 1.57226
13 1.57889
4 1.58693
29 1.59355
36 1.59948
20 1.6172
30 1.63306

New Cluster (ID): 42



Node: 43
init_ids (within search_for_point_and_prune): 712003 
L list: 27 1.37816
712003 1.39497
5 1.42133
36 1.45883
0 1.47408
6 1.47681
2 1.51015
40 1.51302
38 1.53147
37 1.53578
22 1.56184
9 1.56681
11 1.56745
26 1.57429
39 1.61657
13 1.6172
32 1.62519
41 1.62754
34 1.6336
33 1.65089
42 1.66268
14 1.66748
29 1.68699
15 1.69553
8 1.70275

New Cluster (ID): 43



Node: 44
init_ids (within search_for_point_and_prune): 712003 
L list: 24 0.653366
12 1.24777
712003 1.40991
28 1.41156
26 1.43291
15 1.45831
16 1.4615
19 1.46532
38 1.47345
21 1.47443
5 1.47626
22 1.49757
42 1.50776
13 1.51797
39 1.53126
32 1.53591
6 1.56931
27 1.57549
20 1.5825
36 1.58395
33 1.5952
10 1.61498
0 1.61502
1 1.62193
43 1.63044

New Cluster (ID): 44



Node: 45
init_ids (within search_for_point_and_prune): 712003 
L list: 712003 1.47347
40 1.47401
22 1.48643
32 1.50741
5 1.52832
33 1.53772
6 1.54565
21 1.5895
15 1.59245
43 1.61042
37 1.61671
36 1.62051
26 1.64056
7 1.6429
34 1.64598
14 1.66367
11 1.66624
38 1.67239
4 1.67995
42 1.681
24 1.68302
30 1.688
16 1.70049
13 1.7107
27 1.71134

New Cluster (ID): 45



Node: 46
init_ids (within search_for_point_and_prune): 712003 
L list: 16 1.37072
712003 1.39121
42 1.42123
38 1.44972
26 1.46383
15 1.49297
28 1.51632
31 1.51906
44 1.5392
1 1.55912
39 1.55952
35 1.5756
32 1.57645
22 1.57743
12 1.58327
19 1.58329
5 1.59955
24 1.61312
21 1.61384
27 1.63474
20 1.6374
9 1.64018
13 1.64524
36 1.66144
8 1.6628

New Cluster (ID): 46



Node: 47
init_ids (within search_for_point_and_prune): 712003 
L list: 712003 0.943249
38 1.06106
26 1.20097
5 1.22738
15 1.29163
27 1.29864
32 1.3269
43 1.38829
36 1.40316
16 1.40957
39 1.4096
9 1.41117
6 1.43835
34 1.45909
42 1.46637
13 1.51227
22 1.51918
37 1.5321
19 1.5461
2 1.54764
0 1.57079
4 1.57147
40 1.57158
11 1.57477
46 1.57742

New Cluster (ID): 47



Node: 48
init_ids (within search_for_point_and_prune): 712003 
L list: 29 1.24434
23 1.40438
21 1.5238
36 1.54381
37 1.54432
11 1.56218
20 1.57663
12 1.60003
22 1.60895
712003 1.609
30 1.61067
25 1.62742
28 1.62984
9 1.63014
32 1.63548
14 1.63707
44 1.66629
5 1.67169
24 1.67507
42 1.67611
34 1.68474
38 1.69208
13 1.7011
26 1.70237
43 1.70423

New Cluster (ID): 48



Node: 49
init_ids (within search_for_point_and_prune): 712003 
L list: 42 1.15162
712003 1.16175
26 1.29219
15 1.31076
38 1.33885
16 1.41529
47 1.41862
39 1.42302
46 1.42557
27 1.49726
5 1.51649
31 1.52194
35 1.52789
28 1.52874
32 1.54742
22 1.54971
36 1.5543
44 1.55599
12 1.56589
0 1.56951
13 1.60579
1 1.63367
30 1.63444
21 1.63578
20 1.6481

New Cluster (ID): 49



Node: 50
init_ids (within search_for_point_and_prune): 712003 
L list: 35 1.62471
49 1.63854
16 1.67018
1 1.673
28 1.68112
42 1.68749
24 1.68931
44 1.70447
6 1.71653
712003 1.72383
0 1.72708
39 1.73353
5 1.7419
26 1.74339
15 1.74619
18 1.754
21 1.75844
43 1.76358
46 1.76706
33 1.76915
22 1.77613
41 1.77683
19 1.77742
38 1.78169
12 1.7843

New Cluster (ID): 50



Node: 51
init_ids (within search_for_point_and_prune): 712003 
L list: 15 1.40844
16 1.41638
1 1.43898
712003 1.50605
44 1.51905
10 1.52526
24 1.53343
22 1.53418
39 1.53625
42 1.5369
28 1.53752
26 1.54006
33 1.54937
18 1.5574
31 1.56283
17 1.57618
11 1.57648
5 1.57854
49 1.57908
32 1.58153
35 1.58354
50 1.58847
12 1.59899
21 1.60246
3 1.60304

New Cluster (ID): 51



Node: 52
init_ids (within search_for_point_and_prune): 712003 
L list: 712003 1.21729
27 1.23114
30 1.24996
5 1.26704
47 1.27591
15 1.32276
13 1.3598
36 1.36271
16 1.39563
32 1.39676
26 1.45753
21 1.46071
39 1.47515
22 1.48449
44 1.52979
38 1.54102
0 1.54121
33 1.55421
42 1.56422
37 1.57166
4 1.5742
49 1.57574
20 1.59244
6 1.59332
14 1.59744

New Cluster (ID): 52



Node: 53
init_ids (within search_for_point_and_prune): 712003 
L list: 32 1.54519
29 1.55033
33 1.56003
0 1.57583
9 1.59165
4 1.5973
37 1.59765
20 1.59784
25 1.60858
712003 1.61232
48 1.61245
36 1.63045
52 1.63211
47 1.66388
28 1.66797
42 1.67767
26 1.69424
5 1.70336
38 1.71086
11 1.71152
31 1.71697
14 1.71883
43 1.72018
49 1.72104
23 1.73532

New Cluster (ID): 53



Node: 54
init_ids (within search_for_point_and_prune): 712003 
L list: 47 1.31256
32 1.4294
712003 1.44477
5 1.46083
33 1.48506
9 1.51412
20 1.53207
37 1.53293
41 1.53735
36 1.54496
27 1.56653
26 1.56835
52 1.57531
38 1.57834
15 1.58626
34 1.59148
0 1.60275
49 1.62985
13 1.6399
4 1.64154
44 1.64216
39 1.65867
31 1.66599
30 1.66613
43 1.6677

New Cluster (ID): 54



Node: 55
init_ids (within search_for_point_and_prune): 712003 
L list: 32 1.52096
45 1.54707
712003 1.57517
11 1.57845
33 1.58808
5 1.60563
12 1.62623
21 1.62686
36 1.62829
44 1.62955
51 1.63267
9 1.63842
19 1.6407
38 1.64161
15 1.64973
26 1.65745
22 1.65821
42 1.66339
40 1.66418
0 1.66487
28 1.66896
20 1.67261
30 1.6729
13 1.68547
14 1.68609

New Cluster (ID): 55



Node: 56
init_ids (within search_for_point_and_prune): 712003 
L list: 38 1.1041
26 1.14012
712003 1.19342
47 1.28397
6 1.37794
5 1.41552
9 1.43248
42 1.477
25 1.50337
20 1.50979
30 1.51978
0 1.53626
29 1.54679
2 1.56529
17 1.56947
43 1.57809
36 1.58956
15 1.60248
51 1.60544
33 1.60732
49 1.60974
11 1.61351
18 1.62655
39 1.6288
32 1.63236

New Cluster (ID): 56



Node: 57
init_ids (within search_for_point_and_prune): 712003 
L list: 24 0.809953
44 0.832249
12 1.43823
19 1.44905
22 1.45161
15 1.45887
51 1.48039
16 1.49305
28 1.50144
32 1.50461
42 1.51207
38 1.51337
712003 1.51817
39 1.5215
5 1.52633
52 1.54305
26 1.54678
21 1.5484
0 1.55302
49 1.55418
1 1.55907
35 1.56126
6 1.57286
33 1.57341
46 1.57492

New Cluster (ID): 57



Node: 58
init_ids (within search_for_point_and_prune): 712003 
L list: 52 1.39786
712003 1.40364
11 1.4453
6 1.46695
0 1.47606
14 1.48057
43 1.48235
33 1.49474
36 1.49993
47 1.50951
27 1.51644
20 1.52737
38 1.54118
5 1.54936
55 1.55275
26 1.56389
22 1.58201
30 1.59408
25 1.59443
45 1.59737
15 1.59911
13 1.60712
9 1.62059
29 1.62074
44 1.62144

New Cluster (ID): 58



Node: 59
init_ids (within search_for_point_and_prune): 712003 
L list: 18 1.34272
28 1.37242
13 1.40099
22 1.44666
0 1.47017
5 1.47393
32 1.49108
15 1.49993
30 1.52394
712003 1.53081
52 1.5439
21 1.55051
33 1.55235
51 1.55922
39 1.56857
49 1.57646
27 1.58184
57 1.5848
53 1.59925
45 1.60721
36 1.60727
42 1.60737
10 1.61088
11 1.61244
55 1.6196

New Cluster (ID): 59



Node: 60
init_ids (within search_for_point_and_prune): 712003 
L list: 712003 0.54129
38 0.776301
26 0.859838
47 1.02821
56 1.14646
49 1.16653
15 1.1964
42 1.25626
5 1.26046
39 1.2937
16 1.31017
52 1.32767
20 1.37059
27 1.39041
6 1.39182
46 1.3956
36 1.39614
9 1.40504
33 1.41524
58 1.42177
44 1.43121
43 1.44907
12 1.4499
32 1.45345
13 1.46025

New Cluster (ID): 60



Node: 61
init_ids (within search_for_point_and_prune): 712003 
L list: 16 1.34183
712003 1.3532
36 1.35475
52 1.35668
15 1.37076
60 1.41631
26 1.45165
42 1.45237
51 1.46197
13 1.48265
49 1.49315
14 1.49812
32 1.50731
44 1.50772
1 1.51564
6 1.52494
27 1.52689
46 1.52896
5 1.53744
47 1.5383
39 1.54262
38 1.54582
20 1.54754
58 1.54979
33 1.55125

New Cluster (ID): 61



Node: 62
init_ids (within search_for_point_and_prune): 712003 
L list: 17 1.61709
26 1.63874
7 1.64144
4 1.64391
0 1.66543
2 1.68466
27 1.69659
52 1.70266
38 1.70851
25 1.72386
54 1.72401
5 1.72479
29 1.72485
37 1.739
40 1.7403
47 1.74109
15 1.74337
59 1.74678
53 1.74838
712003 1.75415
41 1.75727
36 1.7644
61 1.76476
49 1.76718
21 1.76819

New Cluster (ID): 62



Node: 63
init_ids (within search_for_point_and_prune): 712003 
L list: 6 1.38422
7 1.48673
2 1.54302
11 1.59731
47 1.60943
3 1.64352
10 1.64768
14 1.6715
62 1.6732
41 1.68311
34 1.68947
18 1.69176
712003 1.69278
31 1.69513
43 1.69539
38 1.69898
58 1.70505
15 1.71105
5 1.71799
56 1.72204
60 1.72275
29 1.72489
26 1.74011
37 1.772
49 1.77219

New Cluster (ID): 63



Node: 64
init_ids (within search_for_point_and_prune): 712003 
L list: 60 1.25343
9 1.32414
712003 1.33527
54 1.36341
38 1.38612
56 1.42105
47 1.4259
52 1.44638
5 1.44703
26 1.45281
36 1.46442
43 1.48451
37 1.49576
7 1.52321
53 1.52408
0 1.52763
32 1.53386
20 1.53678
4 1.54127
58 1.54405
33 1.55494
25 1.55849
27 1.56894
61 1.56932
59 1.57384

New Cluster (ID): 64



Node: 65
init_ids (within search_for_point_and_prune): 712003 
L list: 29 1.35309
48 1.52636
712003 1.53947
60 1.55071
7 1.56145
2 1.59957
26 1.60009
61 1.6118
54 1.61581
43 1.61805
14 1.62275
47 1.62794
63 1.64727
20 1.64976
37 1.65228
64 1.66041
9 1.6624
16 1.66453
41 1.66515
23 1.66741
62 1.67033
58 1.68067
22 1.68279
3 1.69152
28 1.69253

New Cluster (ID): 65



Node: 66
init_ids (within search_for_point_and_prune): 712003 
L list: 22 1.3425
34 1.36203
47 1.36446
14 1.43504
9 1.50992
712003 1.53121
6 1.54702
26 1.56446
37 1.56538
5 1.56714
15 1.57903
60 1.58412
54 1.59412
33 1.6105
24 1.62801
8 1.63042
7 1.63377
57 1.635
30 1.64028
20 1.64158
39 1.64398
58 1.64477
12 1.64667
64 1.64705
45 1.64779

New Cluster (ID): 66



Node: 67
init_ids (within search_for_point_and_prune): 712003 
L list: 47 1.391
33 1.39455
25 1.39484
54 1.41343
36 1.45367
58 1.47028
41 1.47507
712003 1.50582
43 1.51294
7 1.51452
6 1.54148
66 1.54261
0 1.54727
57 1.5564
5 1.56868
64 1.57432
52 1.59137
19 1.59701
11 1.60325
22 1.60578
29 1.60863
2 1.61073
34 1.6147
14 1.62518
37 1.63135

New Cluster (ID): 67



Node: 68
init_ids (within search_for_point_and_prune): 712003 
L list: 36 1.31109
20 1.44191
61 1.44193
712003 1.47132
30 1.47185
15 1.47397
52 1.47574
23 1.4893
58 1.49259
60 1.5175
27 1.53498
13 1.55769
57 1.56417
39 1.57125
26 1.5777
17 1.5859
64 1.60572
38 1.60756
59 1.63343
31 1.63488
45 1.63828
6 1.64094
34 1.64134
11 1.64373
4 1.64421

New Cluster (ID): 68



Node: 69
init_ids (within search_for_point_and_prune): 712003 
L list: 1 1.62019
7 1.62402
44 1.62515
26 1.64303
49 1.66792
47 1.67301
67 1.67362
10 1.68528
57 1.69114
16 1.69923
60 1.70147
24 1.70758
65 1.71053
29 1.71968
3 1.72396
31 1.72767
22 1.7306
12 1.73241
39 1.7328
51 1.73451
46 1.73661
5 1.74312
28 1.74367
38 1.74506
17 1.74626

New Cluster (ID): 69



Node: 70
init_ids (within search_for_point_and_prune): 712003 
L list: 21 1.31062
48 1.42815
22 1.48664
23 1.49723
33 1.50841
36 1.50986
59 1.51328
712003 1.53318
5 1.53757
14 1.54264
16 1.55838
45 1.56568
32 1.57236
34 1.57777
11 1.5965
37 1.59951
29 1.59952
30 1.60052
64 1.60583
26 1.6117
60 1.61457
28 1.61635
1 1.62091
15 1.62185
4 1.62303

New Cluster (ID): 70



Node: 71
init_ids (within search_for_point_and_prune): 712003 
L list: 28 1.33522
22 1.37712
12 1.42653
13 1.43982
34 1.46032
44 1.49811
16 1.5109
59 1.5217
21 1.52273
61 1.52703
52 1.53609
712003 1.54488
27 1.5649
35 1.56722
26 1.57102
0 1.57138
70 1.57485
15 1.57869
36 1.58051
33 1.58188
57 1.58739
5 1.59278
24 1.5952
46 1.59993
39 1.60368

New Cluster (ID): 71



Node: 72
init_ids (within search_for_point_and_prune): 712003 
L list: 28 1.37374
12 1.41715
21 1.42023
71 1.46559
22 1.46592
52 1.51092
19 1.51388
55 1.52038
59 1.54422
44 1.5529
40 1.56373
70 1.56923
15 1.57725
17 1.59911
13 1.60022
57 1.61048
1 1.61663
5 1.61971
36 1.6304
24 1.6405
16 1.65072
11 1.65746
712003 1.6604
46 1.66387
30 1.67124

New Cluster (ID): 72



Node: 73
init_ids (within search_for_point_and_prune): 712003 
L list: 22 1.38142
28 1.47118
34 1.54616
66 1.55563
8 1.56282
26 1.61009
30 1.61278
21 1.61929
27 1.62501
72 1.63537
59 1.64379
19 1.64492
15 1.65879
60 1.6644
38 1.67234
71 1.67912
712003 1.68082
36 1.68125
0 1.6825
68 1.68305
5 1.68747
12 1.68858
49 1.70316
47 1.70664
11 1.70744

New Cluster (ID): 73



Node: 74
init_ids (within search_for_point_and_prune): 712003 
L list: 63 1.37506
7 1.53462
2 1.54862
69 1.5534
66 1.59629
10 1.63346
18 1.63967
67 1.641
17 1.64507
16 1.65082
50 1.65927
41 1.6712
26 1.69394
22 1.70258
6 1.70281
47 1.70944
44 1.71489
37 1.71732
29 1.718
24 1.72102
20 1.722
39 1.7226
68 1.73155
712003 1.73291
12 1.73413

New Cluster (ID): 74



Node: 75
init_ids (within search_for_point_and_prune): 712003 
L list: 38 1.49186
26 1.53877
49 1.56052
51 1.59651
63 1.6145
60 1.62859
74 1.63489
56 1.64143
61 1.66405
712003 1.6693
64 1.67414
18 1.68291
47 1.68542
8 1.69048
1 1.70525
10 1.71303
69 1.71964
11 1.7229
12 1.72336
15 1.72471
17 1.73013
41 1.73187
67 1.73241
57 1.73802
46 1.73828

New Cluster (ID): 75



Node: 76
init_ids (within search_for_point_and_prune): 712003 
L list: 69 1.51474
6 1.54256
7 1.57681
63 1.59279
8 1.61942
3 1.62455
65 1.62465
56 1.64814
1 1.6527
2 1.65422
33 1.68238
29 1.68867
17 1.69101
36 1.69192
67 1.70613
24 1.7132
27 1.71824
70 1.72787
44 1.7305
74 1.73135
53 1.73157
39 1.73261
68 1.7341
26 1.73557
28 1.73587

New Cluster (ID): 76



Node: 77
init_ids (within search_for_point_and_prune): 712003 
L list: 15 0.992186
39 1.07336
712003 1.24463
57 1.34061
16 1.34296
60 1.35669
27 1.35827
32 1.36155
21 1.38636
44 1.3917
5 1.42381
42 1.42472
52 1.43178
47 1.44551
11 1.45587
49 1.4574
12 1.4637
22 1.46741
38 1.47527
30 1.49475
28 1.49639
46 1.49939
26 1.50465
20 1.52664
59 1.5308

New Cluster (ID): 77



Node: 78
init_ids (within search_for_point_and_prune): 712003 
L list: 30 1.37311
70 1.44554
712003 1.45006
52 1.45542
21 1.45991
64 1.46154
60 1.47353
20 1.48311
25 1.48481
26 1.54928
38 1.55871
47 1.56851
28 1.58101
61 1.58368
68 1.58503
44 1.59015
32 1.59083
27 1.60416
16 1.62136
65 1.62173
77 1.62318
15 1.62321
9 1.62496
19 1.62959
24 1.63014

New Cluster (ID): 78



Node: 79
init_ids (within search_for_point_and_prune): 712003 
L list: 20 1.40996
58 1.44981
66 1.51832
47 1.53142
712003 1.54583
29 1.54588
33 1.56111
9 1.56734
56 1.57876
67 1.57934
25 1.58819
6 1.58847
7 1.61388
11 1.61558
14 1.61678
26 1.61825
65 1.62199
60 1.62416
43 1.62739
64 1.63301
27 1.63429
54 1.64513
38 1.64845
22 1.64908
37 1.65099

New Cluster (ID): 79



Node: 80
init_ids (within search_for_point_and_prune): 712003 
L list: 712003 1.21678
60 1.35065
6 1.35994
36 1.37234
45 1.37524
47 1.38499
43 1.41496
22 1.41898
70 1.43019
61 1.43211
48 1.43555
52 1.43687
58 1.43754
37 1.44466
2 1.47277
38 1.47668
29 1.48369
5 1.4891
40 1.49348
78 1.49801
30 1.50548
14 1.50818
26 1.51168
21 1.5209
11 1.54469

New Cluster (ID): 80



Node: 81
init_ids (within search_for_point_and_prune): 712003 
L list: 15 1.57467
17 1.5872
39 1.5882
72 1.62664
69 1.63293
1 1.63295
62 1.64344
38 1.64614
26 1.66406
42 1.66945
56 1.68275
44 1.68367
49 1.68377
20 1.68576
57 1.69913
77 1.70117
28 1.70199
25 1.71065
46 1.72243
51 1.72683
12 1.72862
9 1.73404
32 1.73591
13 1.74482
24 1.7449

New Cluster (ID): 81



Node: 82
init_ids (within search_for_point_and_prune): 712003 
L list: 8 1.47919
76 1.49408
65 1.62881
63 1.661
28 1.6755
6 1.67797
17 1.69591
69 1.70528
3 1.72698
11 1.72978
46 1.7307
53 1.73248
24 1.73364
60 1.7346
81 1.73488
56 1.74256
26 1.74563
20 1.74787
39 1.76089
42 1.7667
38 1.77337
1 1.7748
29 1.77872
75 1.77953
62 1.7806

New Cluster (ID): 82



Node: 83
init_ids (within search_for_point_and_prune): 712003 
L list: 13 1.18206
71 1.44876
11 1.46889
39 1.49099
59 1.49734
27 1.54204
22 1.54754
15 1.57017
34 1.57297
28 1.57421
30 1.57745
44 1.58047
77 1.58057
72 1.58326
41 1.58596
25 1.59304
45 1.59577
62 1.59857
57 1.60345
21 1.60362
52 1.60861
32 1.61874
7 1.6238
55 1.62476
26 1.63201

New Cluster (ID): 83



Node: 84
init_ids (within search_for_point_and_prune): 712003 
L list: 83 1.44854
29 1.52651
48 1.57093
77 1.62596
67 1.64971
68 1.65086
32 1.65234
11 1.66932
37 1.68228
20 1.68446
33 1.6848
4 1.6849
79 1.68774
23 1.69686
59 1.70631
55 1.70981
39 1.7113
0 1.7225
43 1.72718
57 1.73081
36 1.73237
80 1.73269
26 1.73418
18 1.73707
25 1.74285

New Cluster (ID): 84



Node: 85
init_ids (within search_for_point_and_prune): 712003 
L list: 16 0.738934
32 0.894593
15 1.05621
712003 1.07832
52 1.16703
60 1.21131
77 1.23516
39 1.25857
21 1.26186
47 1.30383
61 1.34815
4 1.35
42 1.35726
22 1.36079
51 1.38128
33 1.39428
45 1.39593
59 1.40228
12 1.40844
46 1.41825
27 1.42588
57 1.4278
36 1.43298
26 1.43536
5 1.43727

New Cluster (ID): 85



Node: 86
init_ids (within search_for_point_and_prune): 712003 
L list: 48 1.1606
70 1.25437
80 1.29186
23 1.32304
37 1.36048
21 1.39888
32 1.40608
29 1.46119
20 1.47097
77 1.48571
78 1.48762
11 1.48938
40 1.53347
30 1.54076
36 1.55114
712003 1.55348
18 1.55894
4 1.57959
12 1.58392
22 1.58476
25 1.58691
28 1.5947
68 1.59838
85 1.60541
61 1.60955

New Cluster (ID): 86



Node: 87
init_ids (within search_for_point_and_prune): 712003 
L list: 30 1.34435
52 1.36185
86 1.3809
78 1.40225
21 1.42521
20 1.45988
80 1.4642
11 1.49649
58 1.50117
23 1.51508
37 1.53051
48 1.53496
712003 1.53715
25 1.54884
26 1.55353
36 1.55438
61 1.56186
44 1.57799
83 1.58495
77 1.58792
60 1.59101
5 1.59503
67 1.60398
38 1.60486
45 1.61066

New Cluster (ID): 87



Node: 88
init_ids (within search_for_point_and_prune): 712003 
L list: 8 1.36288
82 1.4992
76 1.56293
26 1.60476
22 1.65011
6 1.65267
73 1.65984
60 1.66437
44 1.66719
42 1.67139
31 1.68162
61 1.68462
712003 1.68681
38 1.69575
15 1.70094
46 1.71083
49 1.71139
35 1.71193
28 1.71366
27 1.71671
12 1.71719
47 1.71727
16 1.71867
68 1.7198
39 1.72316

New Cluster (ID): 88



Node: 89
init_ids (within search_for_point_and_prune): 712003 
L list: 61 1.30197
68 1.36397
58 1.42976
85 1.44244
712003 1.44831
1 1.46519
16 1.46694
60 1.48032
46 1.49499
52 1.50467
51 1.50607
31 1.50741
15 1.51495
26 1.52699
20 1.54621
78 1.55129
53 1.55516
39 1.56129
49 1.5743
27 1.581
6 1.58256
44 1.58651
87 1.60112
35 1.60209
55 1.60399

New Cluster (ID): 89



Node: 90
init_ids (within search_for_point_and_prune): 712003 
L list: 712003 1.04725
15 1.05394
60 1.08803
39 1.09536
85 1.12139
16 1.19335
77 1.22248
42 1.25337
38 1.33025
46 1.3365
26 1.35532
47 1.39407
32 1.3964
61 1.41942
20 1.42916
49 1.43246
12 1.43435
52 1.44151
22 1.45072
66 1.45369
36 1.45534
5 1.45563
21 1.47054
27 1.4793
19 1.49117

New Cluster (ID): 90



Node: 91
init_ids (within search_for_point_and_prune): 712003 
L list: 77 0.664728
39 0.786616
15 0.798436
90 1.05938
712003 1.1097
85 1.14598
16 1.1898
42 1.23528
60 1.28097
32 1.29849
5 1.30399
46 1.32655
27 1.35157
47 1.35961
13 1.40752
49 1.41114
57 1.41528
28 1.42113
38 1.42522
26 1.4346
52 1.44024
22 1.44632
12 1.44791
61 1.45435
20 1.4573

New Cluster (ID): 91



Node: 92
init_ids (within search_for_point_and_prune): 712003 
L list: 15 0.82816
91 0.907087
39 0.973236
77 1.072
5 1.18589
90 1.20463
712003 1.26391
60 1.26972
85 1.34203
27 1.35348
47 1.35472
38 1.37973
13 1.39157
16 1.40108
12 1.41532
10 1.41549
52 1.41733
49 1.41794
28 1.42289
32 1.42708
44 1.43792
22 1.44623
42 1.45669
26 1.47644
57 1.49214

New Cluster (ID): 92



Node: 93
init_ids (within search_for_point_and_prune): 712003 
L list: 9 1.23501
712003 1.24211
47 1.25835
80 1.31896
2 1.3207
38 1.36633
67 1.39503
60 1.39539
36 1.4093
64 1.42615
56 1.43918
6 1.45129
58 1.45891
5 1.46084
20 1.46096
25 1.47048
26 1.4721
68 1.51485
52 1.51681
29 1.53785
11 1.53904
7 1.54638
43 1.55036
79 1.55749
78 1.55919

New Cluster (ID): 93



Node: 94
init_ids (within search_for_point_and_prune): 712003 
L list: 8 1.41258
88 1.47816
82 1.58303
35 1.58801
76 1.62896
84 1.66347
32 1.67806
9 1.68364
42 1.69259
24 1.69812
43 1.70144
40 1.70506
60 1.71834
69 1.72629
27 1.73266
90 1.73461
68 1.73651
64 1.73744
46 1.73848
26 1.73925
53 1.74026
29 1.74191
44 1.74472
91 1.74685
36 1.74793

New Cluster (ID): 94



Node: 95
init_ids (within search_for_point_and_prune): 712003 
L list: 7 1.40445
11 1.47514
25 1.47962
34 1.50511
13 1.54165
9 1.56791
56 1.58344
63 1.59491
64 1.59511
51 1.59555
39 1.59659
91 1.61366
30 1.61494
89 1.62526
93 1.6263
15 1.6389
712003 1.64028
5 1.64415
79 1.64853
31 1.64937
6 1.64941
67 1.66404
0 1.66422
17 1.66706
27 1.66706

New Cluster (ID): 95



Node: 96
init_ids (within search_for_point_and_prune): 712003 
L list: 61 1.38621
1 1.45498
51 1.47049
89 1.51153
50 1.53986
10 1.54884
59 1.56167
57 1.57908
71 1.58881
3 1.59356
44 1.60035
22 1.60612
35 1.62542
16 1.63194
68 1.63565
11 1.64157
6 1.64814
33 1.65132
31 1.65366
39 1.65724
8 1.65829
42 1.6598
18 1.6645
15 1.6688
92 1.67017

New Cluster (ID): 96



Node: 97
init_ids (within search_for_point_and_prune): 712003 
L list: 712003 1.37403
47 1.38887
26 1.39237
60 1.39411
38 1.41948
80 1.42976
58 1.4405
43 1.45684
93 1.45919
67 1.47736
36 1.47798
34 1.48724
6 1.49611
37 1.49721
65 1.49736
64 1.49874
22 1.50417
79 1.50935
5 1.51206
56 1.52493
73 1.54053
29 1.5415
52 1.54648
53 1.55055
66 1.56087

New Cluster (ID): 97



Node: 98
init_ids (within search_for_point_and_prune): 712003 
L list: 11 1.52883
72 1.58481
57 1.61421
1 1.618
51 1.63239
85 1.63888
77 1.64018
22 1.65044
17 1.65784
18 1.65844
26 1.66579
46 1.67842
27 1.67897
32 1.68582
12 1.69088
712003 1.69343
91 1.69393
52 1.69732
10 1.69815
44 1.6986
6 1.70023
38 1.70065
19 1.70417
24 1.70798
96 1.70819

New Cluster (ID): 98



Node: 99
init_ids (within search_for_point_and_prune): 712003 
L list: 64 1.36126
32 1.36356
85 1.37586
93 1.46855
712003 1.48258
54 1.50731
11 1.50977
59 1.52233
33 1.52838
61 1.54023
0 1.54264
20 1.55143
77 1.55407
43 1.57011
9 1.57177
27 1.57198
80 1.58176
60 1.58544
58 1.5874
15 1.58949
13 1.59249
36 1.59252
45 1.59539
83 1.59736
31 1.60631

New Cluster (ID): 99



Node: 100
init_ids (within search_for_point_and_prune): 712003 
L list: 59 1.47653
28 1.54302
0 1.57032
73 1.60959
67 1.63717
22 1.64853
1 1.67264
42 1.6727
7 1.67645
8 1.67748
53 1.67948
9 1.68047
71 1.68186
97 1.68436
33 1.68587
19 1.68742
13 1.6882
6 1.68864
21 1.68949
44 1.69032
26 1.69083
32 1.69473
85 1.69556
18 1.70291
12 1.7045

New Cluster (ID): 100



Node: 101
init_ids (within search_for_point_and_prune): 712003 
L list: 15 0.468027
39 0.719181
91 0.761125
92 0.881475
16 0.97268
90 0.994742
77 1.01316
85 1.02211
712003 1.03499
60 1.17274
42 1.20489
32 1.27437
47 1.30459
61 1.30495
5 1.30524
52 1.3307
49 1.33268
28 1.35246
51 1.35487
27 1.35983
38 1.36227
22 1.37568
26 1.37716
13 1.39537
46 1.41755

New Cluster (ID): 101



Node: 102
init_ids (within search_for_point_and_prune): 712003 
L list: 60 1.34897
38 1.3946
42 1.40706
712003 1.43627
26 1.43823
64 1.45939
56 1.47943
97 1.49417
9 1.53644
20 1.53949
58 1.54223
89 1.55033
49 1.56073
52 1.56615
47 1.57085
96 1.58312
44 1.58446
59 1.59181
90 1.5926
31 1.59674
0 1.60667
61 1.60788
88 1.61273
40 1.61367
22 1.61599

New Cluster (ID): 102



Node: 103
init_ids (within search_for_point_and_prune): 712003 
L list: 20 1.33672
29 1.3972
97 1.42164
86 1.43245
25 1.48581
37 1.486
48 1.48711
11 1.50162
712003 1.51488
38 1.5157
60 1.51855
53 1.52616
47 1.52713
5 1.53162
64 1.53821
79 1.53833
56 1.54184
80 1.54218
93 1.56924
90 1.58509
91 1.58671
77 1.58703
9 1.59135
92 1.59855
46 1.61613

New Cluster (ID): 103



Node: 104
init_ids (within search_for_point_and_prune): 712003 
L list: 64 1.33278
5 1.45013
60 1.46385
56 1.47909
41 1.48213
26 1.52489
54 1.55244
47 1.57401
712003 1.57665
97 1.59687
43 1.59902
38 1.60477
33 1.61546
99 1.62494
0 1.62541
53 1.63757
9 1.63943
103 1.64652
66 1.64703
6 1.64769
22 1.64994
67 1.66627
37 1.66931
93 1.67735
59 1.68657

New Cluster (ID): 104



Node: 105
init_ids (within search_for_point_and_prune): 712003 
L list: 22 1.29538
45 1.3698
59 1.39853
28 1.45665
34 1.47712
99 1.50842
33 1.5265
70 1.52994
6 1.53625
40 1.53685
66 1.54223
97 1.54695
80 1.56413
90 1.56722
71 1.56911
85 1.58171
86 1.58588
104 1.58825
41 1.58826
712003 1.59201
32 1.59441
60 1.59607
18 1.59979
29 1.60593
56 1.61663

New Cluster (ID): 105



Node: 106
init_ids (within search_for_point_and_prune): 712003 
L list: 64 1.23972
85 1.23984
52 1.24194
27 1.26129
32 1.26609
712003 1.27908
36 1.30743
61 1.32259
99 1.32994
47 1.36471
60 1.39507
78 1.41649
15 1.43332
101 1.43539
9 1.45291
16 1.45366
54 1.4599
5 1.46611
43 1.46777
90 1.47659
68 1.48849
26 1.49133
34 1.4974
80 1.49961
77 1.50636

New Cluster (ID): 106



Node: 107
init_ids (within search_for_point_and_prune): 712003 
L list: 712003 1.29642
38 1.32634
56 1.33993
26 1.35292
60 1.39297
87 1.43107
37 1.43363
86 1.47433
29 1.49075
77 1.5227
90 1.52561
47 1.52644
40 1.53134
48 1.55316
30 1.55607
42 1.55879
80 1.56116
91 1.5612
2 1.56606
6 1.56615
84 1.56758
33 1.57151
101 1.57275
20 1.5768
5 1.58067

New Cluster (ID): 107



Node: 108
init_ids (within search_for_point_and_prune): 712003 
L list: 71 1.39666
22 1.44145
1 1.50995
16 1.51109
85 1.52762
10 1.53495
100 1.53678
44 1.55339
26 1.55968
7 1.56927
88 1.57144
72 1.57636
28 1.57771
8 1.58359
12 1.58538
89 1.5854
69 1.59597
35 1.59833
0 1.6024
712003 1.60541
24 1.61006
83 1.6103
42 1.61202
47 1.61709
5 1.61876

New Cluster (ID): 108



Node: 109
init_ids (within search_for_point_and_prune): 712003 
L list: 712003 0.710243
60 0.811182
38 0.876938
90 0.995955
101 1.05679
26 1.06687
15 1.10527
47 1.11606
85 1.12761
91 1.13175
16 1.16811
39 1.20861
42 1.21984
56 1.25943
46 1.26315
92 1.28038
49 1.29141
77 1.30419
20 1.33107
52 1.36056
107 1.36865
32 1.3696
12 1.39424
9 1.40259
5 1.40786

New Cluster (ID): 109



Node: 110
init_ids (within search_for_point_and_prune): 712003 
L list: 60 0.91304
712003 0.914112
38 1.02273
109 1.05126
47 1.11827
56 1.14186
26 1.15491
106 1.19094
93 1.30899
80 1.33716
107 1.36327
64 1.36778
5 1.37437
36 1.38294
6 1.40815
54 1.40839
101 1.42133
66 1.42385
33 1.43802
85 1.43868
90 1.44147
9 1.444
15 1.44846
52 1.45034
58 1.46454

New Cluster (ID): 110



Node: 111
init_ids (within search_for_point_and_prune): 712003 
L list: 89 1.07795
68 1.39151
108 1.44972
78 1.45509
61 1.47858
26 1.48688
712003 1.49822
74 1.51988
87 1.52781
58 1.53888
60 1.55539
51 1.55739
1 1.55979
33 1.56218
16 1.57188
17 1.57208
85 1.57759
106 1.57944
4 1.58329
97 1.60383
110 1.6049
91 1.60656
39 1.62101
15 1.62384
64 1.62605

New Cluster (ID): 111



Node: 112
init_ids (within search_for_point_and_prune): 712003 
L list: 712003 0.657159
60 0.828427
109 0.874023
38 0.887521
47 0.898111
110 1.0001
85 1.06432
101 1.07478
26 1.07748
16 1.13651
5 1.14202
56 1.14532
15 1.16479
52 1.17441
42 1.18584
90 1.19061
9 1.22363
39 1.23672
6 1.2467
91 1.24789
93 1.26682
80 1.29319
92 1.29824
43 1.29939
106 1.29983

New Cluster (ID): 112



Node: 113
init_ids (within search_for_point_and_prune): 712003 
L list: 87 1.24553
67 1.35975
37 1.3778
33 1.39921
70 1.44732
110 1.45623
29 1.46388
107 1.46552
86 1.46858
48 1.47383
22 1.47721
65 1.48847
83 1.49649
2 1.51153
36 1.51678
80 1.51763
712003 1.52915
71 1.53847
11 1.53965
34 1.54077
64 1.54277
54 1.54628
4 1.54961
97 1.55075
72 1.56106

New Cluster (ID): 113



Node: 114
init_ids (within search_for_point_and_prune): 712003 
L list: 101 1.26737
5 1.27344
92 1.31308
13 1.35081
15 1.3544
10 1.36887
7 1.39222
64 1.42646
91 1.45686
95 1.46149
106 1.46959
39 1.47573
712003 1.47906
52 1.48243
60 1.50006
112 1.51362
27 1.5145
66 1.51804
83 1.54121
34 1.54716
68 1.54881
61 1.55561
47 1.55813
30 1.56344
41 1.56353

New Cluster (ID): 114



Node: 115
init_ids (within search_for_point_and_prune): 712003 
L list: 4 1.45225
0 1.46359
96 1.47375
85 1.48491
61 1.52902
51 1.53752
62 1.55844
15 1.56999
101 1.57082
33 1.57427
3 1.57671
32 1.57889
1 1.59181
16 1.60545
99 1.61553
64 1.62248
102 1.62628
57 1.64703
24 1.64823
44 1.64899
22 1.65064
89 1.65853
56 1.66185
10 1.66232
11 1.66702

New Cluster (ID): 115



Node: 116
init_ids (within search_for_point_and_prune): 712003 
L list: 104 1.4149
38 1.52103
97 1.52611
47 1.53246
26 1.53538
2 1.54113
712003 1.54121
112 1.54167
60 1.54676
5 1.55753
29 1.57368
64 1.58502
109 1.58913
62 1.60036
106 1.61097
75 1.61125
17 1.61319
65 1.61845
43 1.62346
56 1.62615
105 1.63544
51 1.6421
54 1.64755
40 1.64926
114 1.65751

New Cluster (ID): 116



Node: 117
init_ids (within search_for_point_and_prune): 712003 
L list: 60 1.44786
94 1.47633
8 1.48252
26 1.49854
88 1.50628
28 1.55561
112 1.56929
38 1.58295
101 1.58422
712003 1.59068
92 1.59419
56 1.59472
15 1.6071
19 1.61108
39 1.61389
12 1.614
49 1.61842
42 1.62295
47 1.6266
109 1.63235
31 1.64609
91 1.6462
64 1.64672
90 1.64701
11 1.64787

New Cluster (ID): 117



Node: 118
init_ids (within search_for_point_and_prune): 712003 
L list: 9 1.40553
33 1.45758
7 1.47731
22 1.49616
105 1.5089
112 1.52038
64 1.5291
712003 1.53263
113 1.5389
34 1.53988
6 1.54903
66 1.56189
32 1.56362
29 1.56538
28 1.58003
60 1.58068
71 1.58224
110 1.58375
56 1.58407
67 1.58741
5 1.5919
47 1.59242
43 1.5951
36 1.5957
70 1.59798

New Cluster (ID): 118



Node: 119
init_ids (within search_for_point_and_prune): 712003 
L list: 93 1.2186
97 1.35981
47 1.39297
6 1.40172
80 1.41073
56 1.41971
712003 1.42059
36 1.43089
60 1.4469
38 1.48002
5 1.48431
110 1.4882
112 1.48949
66 1.49182
9 1.51145
26 1.5132
2 1.51773
11 1.52456
43 1.54442
37 1.56282
45 1.56552
109 1.56575
58 1.57804
40 1.579
79 1.58188

New Cluster (ID): 119



Node: 120
init_ids (within search_for_point_and_prune): 712003 
L list: 28 1.51911
22 1.52137
70 1.53228
36 1.54673
73 1.54803
85 1.56103
44 1.56638
113 1.5972
59 1.60045
86 1.60316
12 1.60357
23 1.6064
99 1.60916
80 1.6154
21 1.6179
48 1.61927
19 1.62422
712003 1.62923
106 1.63275
67 1.64503
64 1.6452
77 1.64621
105 1.64755
87 1.64921
15 1.6573

New Cluster (ID): 120



Node: 121
init_ids (within search_for_point_and_prune): 712003 
L list: 51 1.49322
63 1.50669
75 1.53589
74 1.55395
118 1.57372
17 1.5744
89 1.5758
41 1.59042
76 1.60666
2 1.62448
1 1.63302
101 1.63578
3 1.65069
111 1.65602
26 1.66008
62 1.66027
10 1.6621
83 1.6665
91 1.67513
56 1.67699
15 1.68044
65 1.6868
5 1.68965
95 1.6925
29 1.69487

New Cluster (ID): 121



Node: 122
init_ids (within search_for_point_and_prune): 712003 
L list: 32 1.30683
4 1.39951
20 1.44512
85 1.45755
106 1.4716
86 1.47878
9 1.51523
34 1.51852
99 1.52379
120 1.5281
33 1.53856
80 1.54161
21 1.56348
36 1.57072
23 1.57618
712003 1.58522
70 1.58798
28 1.58883
64 1.59618
113 1.60074
57 1.60209
101 1.60349
68 1.60499
115 1.60651
19 1.61061

New Cluster (ID): 122



Node: 123
init_ids (within search_for_point_and_prune): 712003 
L list: 44 1.07673
24 1.10795
57 1.13189
12 1.26028
19 1.41577
28 1.41995
16 1.44095
71 1.48255
22 1.48743
15 1.49047
712003 1.51314
46 1.51511
1 1.51568
101 1.51619
42 1.52223
85 1.52263
51 1.52432
109 1.52698
90 1.52997
92 1.53333
108 1.53733
10 1.5393
26 1.54296
72 1.54576
38 1.54825

New Cluster (ID): 123



Node: 124
init_ids (within search_for_point_and_prune): 712003 
L list: 86 1.04123
80 1.22454
70 1.3613
61 1.38197
99 1.3917
45 1.41376
32 1.43601
78 1.44603
122 1.4775
85 1.50439
105 1.51116
106 1.51183
64 1.51396
33 1.51775
59 1.53628
712003 1.53835
60 1.55438
20 1.55515
29 1.55969
6 1.5631
14 1.57211
87 1.57266
54 1.57668
11 1.5767
40 1.58393

New Cluster (ID): 124



Node: 125
init_ids (within search_for_point_and_prune): 712003 
L list: 110 1.07631
38 1.13302
60 1.13878
47 1.15209
712003 1.1543
112 1.18102
26 1.20073
56 1.21375
30 1.27968
64 1.28
109 1.35903
5 1.36005
114 1.37824
106 1.38444
93 1.38885
27 1.3932
54 1.39406
78 1.41061
80 1.41065
52 1.41231
43 1.49167
92 1.50694
107 1.51593
39 1.5198
36 1.52285

New Cluster (ID): 125



Node: 126
init_ids (within search_for_point_and_prune): 712003 
L list: 96 1.39414
31 1.41914
51 1.44902
89 1.49875
18 1.53387
1 1.56999
75 1.59674
59 1.59833
10 1.60133
22 1.60264
121 1.60804
11 1.60913
49 1.61605
26 1.61821
69 1.62031
6 1.63313
16 1.63495
33 1.63692
63 1.63872
61 1.64032
101 1.64657
3 1.64705
114 1.65386
39 1.6539
42 1.65881

New Cluster (ID): 126



Node: 127
init_ids (within search_for_point_and_prune): 712003 
L list: 22 1.39604
55 1.44977
33 1.49053
58 1.50053
105 1.5078
85 1.50944
70 1.5164
21 1.51666
86 1.51708
19 1.52322
101 1.54049
59 1.55551
122 1.5558
15 1.56727
28 1.56835
77 1.57379
36 1.57733
107 1.57783
124 1.58072
712003 1.58149
16 1.5851
12 1.5928
90 1.59809
80 1.60083
113 1.60279

New Cluster (ID): 127



Node: 128
init_ids (within search_for_point_and_prune): 712003 
L list: 5 1.20197
92 1.32932
59 1.39688
91 1.42665
15 1.44461
101 1.46851
25 1.47037
47 1.47346
112 1.48133
77 1.48337
113 1.49311
52 1.49397
39 1.50391
110 1.51526
86 1.52875
80 1.53368
54 1.53468
37 1.54584
28 1.54827
712003 1.54869
60 1.5629
29 1.56302
11 1.56423
93 1.56657
125 1.56686

New Cluster (ID): 128



Node: 129
init_ids (within search_for_point_and_prune): 712003 
L list: 101 0.81597
15 0.893947
712003 0.938018
92 0.950591
91 0.971326
90 0.978949
39 1.02627
60 1.0343
112 1.03733
109 1.05123
77 1.10676
85 1.17634
110 1.21199
38 1.21548
47 1.22004
26 1.25571
42 1.26478
16 1.27466
5 1.28047
32 1.28826
27 1.32132
52 1.33483
46 1.34827
49 1.37742
30 1.38704

New Cluster (ID): 129



Node: 130
init_ids (within search_for_point_and_prune): 712003 
L list: 61 1.42472
42 1.47123
96 1.47638
51 1.48249
71 1.49257
101 1.53007
35 1.54668
57 1.55396
1 1.55496
118 1.5571
115 1.56394
123 1.5673
85 1.57557
49 1.57747
50 1.58518
33 1.5926
15 1.59447
16 1.59819
39 1.61299
89 1.61324
8 1.61324
26 1.6183
22 1.6271
56 1.6304
5 1.63855

New Cluster (ID): 130



Node: 131
init_ids (within search_for_point_and_prune): 712003 
L list: 83 1.55244
73 1.55983
120 1.56604
95 1.58094
96 1.58833
1 1.60818
61 1.61789
118 1.62434
105 1.63052
51 1.63594
28 1.63662
106 1.64029
9 1.64646
59 1.65145
115 1.65617
123 1.66759
89 1.66891
36 1.66903
56 1.67068
23 1.67214
111 1.67576
102 1.6774
64 1.67889
68 1.6792
18 1.6865

New Cluster (ID): 131



Node: 132
init_ids (within search_for_point_and_prune): 712003 
L list: 20 1.41081
89 1.43935
61 1.4747
3 1.50902
112 1.53109
102 1.54099
46 1.54311
87 1.54564
53 1.55165
44 1.55955
64 1.56367
49 1.56961
115 1.57638
58 1.57878
6 1.58727
79 1.59103
0 1.59599
96 1.60643
712003 1.60825
4 1.61031
82 1.612
26 1.62278
63 1.62369
9 1.62503
62 1.62594

New Cluster (ID): 132



Node: 133
init_ids (within search_for_point_and_prune): 712003 
L list: 119 1.25966
43 1.31866
93 1.33685
97 1.38125
112 1.42427
47 1.43462
67 1.44191
36 1.46031
64 1.47088
27 1.47191
712003 1.47492
54 1.48187
60 1.48607
125 1.49104
56 1.49424
106 1.51628
103 1.5272
110 1.53657
0 1.55473
38 1.5552
58 1.55589
11 1.55695
80 1.55869
34 1.56215
32 1.56419

New Cluster (ID): 133



Node: 134
init_ids (within search_for_point_and_prune): 712003 
L list: 712003 0.904744
60 1.04914
112 1.18317
109 1.19269
90 1.24834
101 1.24935
129 1.25072
52 1.28164
49 1.28567
85 1.2881
26 1.28981
38 1.30046
110 1.30292
64 1.34673
15 1.3469
42 1.35244
39 1.35396
47 1.35875
53 1.38206
16 1.39288
91 1.40299
36 1.41511
106 1.41893
43 1.4297
5 1.43609

New Cluster (ID): 134



Node: 135
init_ids (within search_for_point_and_prune): 712003 
L list: 48 1.42678
20 1.47513
9 1.48561
26 1.48674
87 1.49121
122 1.49801
23 1.51031
29 1.51054
32 1.53596
107 1.53803
38 1.54506
129 1.54514
132 1.5477
36 1.54931
62 1.55054
25 1.55291
4 1.56544
113 1.56945
86 1.5715
91 1.58266
712003 1.58639
11 1.59054
101 1.59849
27 1.60188
115 1.60478

New Cluster (ID): 135



Node: 136
init_ids (within search_for_point_and_prune): 712003 
L list: 712003 0.72354
109 0.725911
90 0.877504
60 0.884061
112 0.897636
129 0.9399
38 0.95279
101 0.967338
91 1.00837
15 1.01644
47 1.02027
39 1.04681
110 1.07973
77 1.11943
85 1.12604
26 1.13886
134 1.15665
16 1.19126
92 1.22577
42 1.23224
56 1.31465
5 1.32239
49 1.32383
46 1.34315
32 1.36149

New Cluster (ID): 136



Node: 137
init_ids (within search_for_point_and_prune): 712003 
L list: 40 1.49932
131 1.52596
111 1.52739
89 1.54216
1 1.55432
102 1.58311
98 1.627
126 1.6286
100 1.6294
79 1.62976
60 1.63399
18 1.63986
59 1.64311
8 1.65616
26 1.66284
96 1.66304
17 1.66722
28 1.67118
51 1.67324
132 1.67369
119 1.67482
120 1.67812
9 1.68542
38 1.68606
121 1.68667

New Cluster (ID): 137



Node: 138
init_ids (within search_for_point_and_prune): 712003 
L list: 101 1.27222
15 1.28017
85 1.30169
32 1.30578
16 1.3155
61 1.33098
89 1.34809
129 1.36629
91 1.37614
712003 1.38522
136 1.39676
51 1.40587
112 1.40996
60 1.41331
109 1.41677
106 1.41828
90 1.42205
99 1.44055
31 1.44256
42 1.44867
52 1.46575
39 1.4729
77 1.47346
121 1.47918
27 1.4852

New Cluster (ID): 138



Node: 139
init_ids (within search_for_point_and_prune): 712003 
L list: 57 0.987548
24 1.03669
44 1.07447
123 1.19786
35 1.46299
130 1.4795
42 1.49651
28 1.51326
12 1.56533
85 1.57245
19 1.57436
26 1.57546
16 1.5781
101 1.57978
52 1.58507
71 1.58975
109 1.5941
13 1.60213
15 1.60244
22 1.60431
51 1.60489
72 1.60714
49 1.60788
92 1.61004
21 1.61578

New Cluster (ID): 139



Node: 140
init_ids (within search_for_point_and_prune): 712003 
L list: 93 1.29583
22 1.32225
47 1.36353
6 1.37915
712003 1.38823
66 1.38961
80 1.39704
119 1.41045
5 1.41579
60 1.43512
34 1.43886
112 1.44036
9 1.45194
92 1.45321
97 1.47262
43 1.48412
11 1.48521
14 1.4945
129 1.50375
59 1.50518
7 1.51342
133 1.52022
99 1.52069
73 1.52648
37 1.52676

New Cluster (ID): 140



Node: 141
init_ids (within search_for_point_and_prune): 712003 
L list: 5 1.43123
41 1.46531
114 1.47749
83 1.48262
104 1.49147
134 1.50012
64 1.51596
13 1.52667
33 1.53455
105 1.53479
60 1.53539
106 1.54331
54 1.55944
86 1.56566
52 1.56693
59 1.57557
128 1.57614
27 1.57634
37 1.58324
116 1.58446
712003 1.5987
21 1.60115
110 1.60658
70 1.60848
121 1.60995

New Cluster (ID): 141



Node: 142
init_ids (within search_for_point_and_prune): 712003 
L list: 109 1.19498
68 1.40573
89 1.4434
712003 1.4465
0 1.45974
49 1.45985
26 1.46771
38 1.47345
102 1.48192
35 1.48869
60 1.50404
42 1.53191
59 1.5353
96 1.5469
27 1.54885
115 1.54981
123 1.55018
85 1.55576
111 1.55757
71 1.57034
31 1.57135
64 1.57267
138 1.57302
132 1.57459
129 1.57572

New Cluster (ID): 142



Node: 143
init_ids (within search_for_point_and_prune): 712003 
L list: 110 1.20209
86 1.33192
78 1.36144
712003 1.36424
129 1.37017
109 1.38559
32 1.39502
60 1.40168
85 1.40289
90 1.40551
136 1.40655
30 1.40946
112 1.41336
103 1.42047
21 1.4324
4 1.43868
87 1.44446
25 1.4618
5 1.47018
77 1.47737
38 1.47792
15 1.48447
52 1.48744
101 1.49095
54 1.49209

New Cluster (ID): 143



Node: 144
init_ids (within search_for_point_and_prune): 712003 
L list: 85 1.09015
16 1.13652
112 1.14708
101 1.16822
712003 1.17201
129 1.17218
136 1.20129
15 1.21249
47 1.22333
90 1.22747
109 1.25368
60 1.26459
134 1.27481
91 1.28663
39 1.28731
110 1.31089
32 1.33563
52 1.33578
92 1.35073
106 1.35309
77 1.37527
138 1.37753
27 1.38996
36 1.41405
61 1.42645

New Cluster (ID): 144



Node: 145
init_ids (within search_for_point_and_prune): 712003 
L list: 60 1.46735
712003 1.48236
38 1.48557
117 1.48673
49 1.48788
125 1.52008
69 1.52093
102 1.52713
67 1.53563
64 1.54121
75 1.56374
133 1.56616
134 1.56708
54 1.57774
47 1.57886
76 1.57986
112 1.58354
97 1.58629
109 1.58869
26 1.59098
136 1.60387
135 1.60872
142 1.61099
5 1.61291
110 1.62193

New Cluster (ID): 145



Node: 146
init_ids (within search_for_point_and_prune): 712003 
L list: 81 1.41294
102 1.48974
145 1.49194
9 1.52608
115 1.53994
142 1.55071
93 1.55967
144 1.5632
17 1.5774
133 1.59508
134 1.59841
52 1.60685
143 1.6159
58 1.61917
85 1.61997
44 1.62331
108 1.62365
15 1.62763
59 1.62985
8 1.63054
60 1.63174
20 1.6352
0 1.63558
28 1.63681
78 1.63959

New Cluster (ID): 146



Node: 147
init_ids (within search_for_point_and_prune): 712003 
L list: 4 1.38007
143 1.41185
33 1.41559
61 1.42902
85 1.43988
52 1.45791
712003 1.47703
60 1.47826
122 1.48564
106 1.48593
32 1.49969
99 1.50535
134 1.51328
112 1.51578
47 1.53045
109 1.53053
5 1.5309
54 1.53511
42 1.53608
0 1.53801
64 1.53964
51 1.54537
38 1.54765
15 1.54781
110 1.55382

New Cluster (ID): 147



Node: 148
init_ids (within search_for_point_and_prune): 712003 
L list: 145 1.3646
110 1.4024
38 1.41339
113 1.43264
60 1.43664
135 1.44063
712003 1.44965
58 1.453
26 1.45383
125 1.46244
47 1.47089
103 1.47663
36 1.47668
64 1.47907
27 1.48268
11 1.48274
62 1.4877
25 1.50129
136 1.50445
56 1.50853
9 1.5093
128 1.50954
132 1.5097
54 1.51748
43 1.52238

New Cluster (ID): 148



Node: 149
init_ids (within search_for_point_and_prune): 712003 
L list: 712003 1.22108
112 1.23212
60 1.29427
129 1.33262
26 1.34038
42 1.35433
49 1.35675
85 1.37431
101 1.38577
99 1.39007
47 1.39192
22 1.39537
136 1.40252
110 1.40269
15 1.40593
90 1.41099
32 1.41628
0 1.41729
134 1.43169
109 1.43342
38 1.43833
144 1.44257
5 1.44405
61 1.4494
140 1.45869

New Cluster (ID): 149



Node: 150
init_ids (within search_for_point_and_prune): 712003 
L list: 114 1.36508
68 1.39198
95 1.4264
140 1.46533
101 1.49786
13 1.51039
51 1.52722
15 1.53497
16 1.53825
129 1.55128
30 1.55222
59 1.55253
89 1.55559
92 1.55746
39 1.55819
18 1.56917
91 1.57788
28 1.59918
27 1.60055
712003 1.60432
5 1.60493
106 1.60665
85 1.60908
83 1.61315
60 1.61558

New Cluster (ID): 150



Node: 151
init_ids (within search_for_point_and_prune): 712003 
L list: 91 0.976001
101 1.01983
90 1.02425
136 1.02572
109 1.03629
129 1.04262
77 1.09544
15 1.10554
85 1.11236
712003 1.11952
39 1.14281
16 1.18764
60 1.20743
112 1.21103
92 1.22782
144 1.26571
46 1.26971
32 1.26975
42 1.30037
38 1.33768
134 1.35016
49 1.36313
12 1.37929
44 1.39312
5 1.39733

New Cluster (ID): 151



Node: 152
init_ids (within search_for_point_and_prune): 712003 
L list: 97 1.10319
133 1.15245
119 1.25293
60 1.2881
712003 1.28851
125 1.31548
47 1.32132
38 1.32363
93 1.32541
36 1.33844
26 1.3446
80 1.35801
112 1.36184
6 1.37251
110 1.37274
43 1.38704
2 1.3988
149 1.43073
64 1.43528
5 1.43763
56 1.45953
54 1.46419
102 1.46468
109 1.46659
14 1.46996

New Cluster (ID): 152



Node: 153
init_ids (within search_for_point_and_prune): 712003 
L list: 64 1.28172
102 1.35152
135 1.3937
56 1.41666
145 1.41807
36 1.42815
9 1.43639
26 1.47404
60 1.47721
38 1.51281
148 1.52286
142 1.52464
99 1.53458
712003 1.54391
106 1.54993
109 1.55148
138 1.56295
115 1.57117
134 1.57548
132 1.57577
117 1.578
152 1.58019
119 1.58366
68 1.5838
20 1.58395

New Cluster (ID): 153



Node: 154
init_ids (within search_for_point_and_prune): 712003 
L list: 712003 1.43672
5 1.43884
49 1.46489
112 1.48683
60 1.51044
123 1.51227
149 1.51851
134 1.52413
26 1.5353
44 1.54691
93 1.54744
109 1.54857
15 1.55059
9 1.55448
21 1.55778
136 1.56011
151 1.56026
38 1.56419
92 1.57394
56 1.57458
129 1.57628
142 1.57662
42 1.57714
59 1.5779
140 1.57799

New Cluster (ID): 154



Node: 155
init_ids (within search_for_point_and_prune): 712003 
L list: 712003 1.27425
29 1.31957
26 1.33054
112 1.33182
9 1.35132
60 1.36378
80 1.39774
110 1.4123
128 1.41516
58 1.41848
109 1.42665
36 1.43902
135 1.44044
125 1.4528
23 1.45308
38 1.45766
86 1.46225
136 1.46507
64 1.46687
48 1.46819
85 1.47152
129 1.47456
30 1.47587
47 1.48073
93 1.48168

New Cluster (ID): 155



Node: 156
init_ids (within search_for_point_and_prune): 712003 
L list: 49 1.34193
60 1.3758
148 1.4027
38 1.43828
26 1.45154
125 1.4817
134 1.51308
56 1.51394
712003 1.51478
102 1.5161
133 1.52023
117 1.52464
145 1.52812
110 1.54884
136 1.55489
153 1.56152
69 1.56173
20 1.56889
109 1.57012
121 1.57104
112 1.57289
129 1.57292
152 1.58361
95 1.6028
62 1.60647

New Cluster (ID): 156



Node: 157
init_ids (within search_for_point_and_prune): 712003 
L list: 712003 0.908124
134 0.990202
60 1.0342
136 1.06849
109 1.11729
129 1.12184
26 1.14359
90 1.14546
42 1.15058
85 1.15161
101 1.1637
112 1.16725
38 1.19516
15 1.20609
16 1.22281
91 1.2307
144 1.26494
151 1.26864
52 1.31506
39 1.32657
47 1.33743
61 1.33889
49 1.34055
77 1.34364
155 1.34906

New Cluster (ID): 157



Node: 158
init_ids (within search_for_point_and_prune): 712003 
L list: 712003 0.936121
136 1.03217
109 1.04474
60 1.0468
112 1.06971
38 1.10395
151 1.13834
47 1.16531
129 1.18508
26 1.18966
157 1.20082
93 1.21505
90 1.22206
49 1.22317
110 1.25245
5 1.25376
91 1.2557
80 1.28929
77 1.30297
15 1.31429
42 1.31587
134 1.332
97 1.3324
101 1.33517
119 1.34156

New Cluster (ID): 158



Node: 159
init_ids (within search_for_point_and_prune): 712003 
L list: 61 1.2921
111 1.30252
89 1.35811
85 1.37767
16 1.42232
124 1.46123
33 1.47286
60 1.48629
122 1.48632
127 1.49712
712003 1.50086
4 1.50701
155 1.50931
101 1.51936
129 1.52382
15 1.53013
106 1.54198
80 1.5463
32 1.54754
136 1.56628
1 1.56795
115 1.56821
22 1.57051
157 1.57055
59 1.5755

New Cluster (ID): 159



Node: 160
init_ids (within search_for_point_and_prune): 712003 
L list: 106 1.3387
124 1.37748
143 1.40337
85 1.40526
122 1.40988
78 1.43796
109 1.44136
157 1.46359
64 1.46837
712003 1.47501
87 1.47968
99 1.4901
33 1.49018
129 1.49869
32 1.50227
42 1.51041
159 1.51414
86 1.5177
60 1.52817
52 1.52951
102 1.53195
20 1.53255
155 1.53264
30 1.53689
61 1.53841

New Cluster (ID): 160



Node: 161
init_ids (within search_for_point_and_prune): 712003 
L list: 114 1.27822
79 1.3557
95 1.37911
110 1.38705
150 1.42493
34 1.42832
140 1.43341
144 1.44718
133 1.46316
93 1.48102
67 1.48361
712003 1.48871
59 1.48977
66 1.49155
83 1.49286
134 1.49331
58 1.49608
60 1.51167
54 1.51676
112 1.51918
11 1.52328
33 1.52348
56 1.527
6 1.5271
0 1.53071

New Cluster (ID): 161



Node: 162
init_ids (within search_for_point_and_prune): 712003 
L list: 712003 0.754362
136 0.768931
101 0.79097
109 0.791482
129 0.826668
60 0.826934
92 0.843971
15 0.86734
91 0.868383
112 0.878403
90 0.934136
39 0.9515
151 1.02459
26 1.03215
38 1.06861
42 1.09239
77 1.10364
85 1.10888
158 1.11935
157 1.12351
110 1.13287
47 1.14532
16 1.15727
134 1.17284
144 1.21228

New Cluster (ID): 162



Node: 163
init_ids (within search_for_point_and_prune): 712003 
L list: 79 1.36138
67 1.41379
99 1.43129
10 1.44355
104 1.44554
5 1.44883
33 1.4493
149 1.45834
112 1.47151
64 1.4952
54 1.49747
0 1.49836
41 1.50094
114 1.50243
22 1.50367
125 1.50748
712003 1.51944
118 1.52775
14 1.53632
161 1.54597
37 1.55308
9 1.55503
97 1.55596
58 1.55637
107 1.5566

New Cluster (ID): 163



Node: 164
init_ids (within search_for_point_and_prune): 712003 
L list: 61 1.35844
106 1.39335
85 1.46329
157 1.47554
138 1.50693
712003 1.51125
112 1.51681
115 1.51904
1 1.52717
120 1.53133
83 1.53446
40 1.53479
131 1.53795
144 1.54045
159 1.54469
162 1.54734
136 1.55386
122 1.55403
60 1.55497
109 1.56129
16 1.56458
11 1.56679
147 1.57176
99 1.57208
110 1.5727

New Cluster (ID): 164



Node: 165
init_ids (within search_for_point_and_prune): 712003 
L list: 712003 0.647676
162 0.705278
109 0.705523
136 0.749059
60 0.768211
129 0.775192
112 0.795612
101 0.877878
38 0.893479
90 0.923788
15 0.975199
110 1.01588
151 1.02608
26 1.03945
157 1.0427
47 1.05647
85 1.0596
91 1.06084
158 1.09059
42 1.11841
144 1.12667
134 1.13061
16 1.13125
39 1.13755
92 1.16488

New Cluster (ID): 165



Node: 166
init_ids (within search_for_point_and_prune): 712003 
L list: 0 1.44937
142 1.45464
64 1.49818
153 1.50601
157 1.52455
132 1.52646
160 1.52706
96 1.55276
32 1.55353
49 1.55471
35 1.55495
42 1.55974
106 1.56175
25 1.56672
146 1.57544
124 1.57749
115 1.57784
59 1.57917
126 1.58585
133 1.58902
31 1.58909
53 1.59147
97 1.59379
99 1.59549
33 1.59669

New Cluster (ID): 166



Node: 167
init_ids (within search_for_point_and_prune): 712003 
L list: 89 1.23566
138 1.35807
70 1.43236
85 1.44667
132 1.4579
61 1.46942
159 1.47456
16 1.47457
35 1.5087
46 1.51866
109 1.53327
160 1.53482
4 1.54022
1 1.54046
96 1.54259
122 1.55752
156 1.56211
165 1.56377
53 1.56477
58 1.56546
32 1.56726
51 1.56751
162 1.56935
49 1.57233
42 1.57928

New Cluster (ID): 167



Node: 168
init_ids (within search_for_point_and_prune): 712003 
L list: 92 0.872521
15 0.922772
91 0.94935
101 1.05189
129 1.06584
5 1.12829
162 1.15929
39 1.16157
77 1.2181
114 1.24832
128 1.31615
165 1.33472
112 1.33557
13 1.3446
136 1.3459
38 1.34815
712003 1.35157
60 1.37944
109 1.39148
90 1.4043
151 1.41452
47 1.42234
83 1.42945
26 1.43425
20 1.43682

New Cluster (ID): 168



Node: 169
init_ids (within search_for_point_and_prune): 712003 
L list: 101 1.15113
13 1.26101
114 1.3113
68 1.34597
168 1.35378
150 1.35777
15 1.35971
161 1.36608
83 1.40424
28 1.41014
95 1.42147
27 1.42412
92 1.43471
30 1.44274
34 1.45789
39 1.47135
91 1.48011
129 1.49112
73 1.50444
16 1.50675
77 1.50714
59 1.51018
128 1.51281
31 1.51945
5 1.52904

New Cluster (ID): 169



Node: 170
init_ids (within search_for_point_and_prune): 712003 
L list: 138 1.36814
89 1.40412
101 1.4863
15 1.49523
26 1.4971
167 1.50987
162 1.52501
165 1.53147
39 1.5395
51 1.54198
16 1.5474
58 1.55878
90 1.56063
169 1.5675
121 1.57521
134 1.58114
49 1.58899
61 1.59449
144 1.59687
68 1.59731
91 1.59948
31 1.59954
129 1.60051
46 1.60179
32 1.60492

New Cluster (ID): 170



Node: 171
init_ids (within search_for_point_and_prune): 712003 
L list: 712003 0.628722
60 0.731139
165 0.759615
109 0.773698
112 0.78115
162 0.794046
136 0.838767
38 0.931997
157 0.93569
129 0.989079
26 1.00603
110 1.04492
90 1.05345
101 1.0741
158 1.07618
134 1.07715
85 1.08617
47 1.0984
15 1.10381
91 1.15205
144 1.16275
151 1.17146
16 1.20643
52 1.21024
39 1.21931

New Cluster (ID): 171



Node: 172
init_ids (within search_for_point_and_prune): 712003 
L list: 152 1.24216
133 1.2512
37 1.25776
43 1.27363
119 1.36454
2 1.37094
34 1.37689
47 1.42368
97 1.44682
5 1.45041
140 1.45403
40 1.4723
712003 1.47773
93 1.49245
80 1.49448
66 1.49747
148 1.49933
125 1.50916
64 1.51293
161 1.51472
27 1.52589
67 1.52604
54 1.52618
11 1.53828
105 1.53885

New Cluster (ID): 172



Node: 173
init_ids (within search_for_point_and_prune): 712003 
L list: 138 1.28039
167 1.29784
85 1.30281
61 1.31035
0 1.3774
165 1.3848
101 1.38526
112 1.4041
712003 1.40588
16 1.41604
149 1.41895
60 1.42691
109 1.43934
4 1.44047
15 1.44377
157 1.4444
166 1.45625
171 1.4611
32 1.4645
115 1.4733
42 1.48038
99 1.48695
136 1.49636
52 1.49777
158 1.50328

New Cluster (ID): 173



Node: 174
init_ids (within search_for_point_and_prune): 712003 
L list: 119 1.12174
140 1.34725
133 1.356
152 1.37448
93 1.38069
67 1.40538
43 1.42536
47 1.46082
6 1.4618
172 1.47053
80 1.48231
36 1.48958
149 1.49133
97 1.49554
112 1.51742
45 1.518
113 1.51969
158 1.52059
712003 1.52199
171 1.52611
118 1.53203
9 1.53228
2 1.53941
34 1.5423
161 1.54535

New Cluster (ID): 174



Node: 175
init_ids (within search_for_point_and_prune): 712003 
L list: 101 0.618042
15 0.620375
39 0.637073
91 0.800427
162 0.870685
92 0.938165
165 0.951828
129 1.00137
136 1.03818
109 1.03896
90 1.06828
77 1.0859
168 1.08888
85 1.09085
712003 1.09372
171 1.09598
16 1.09868
112 1.11567
151 1.14266
60 1.20636
144 1.23157
157 1.26239
42 1.26862
47 1.29065
52 1.31153

New Cluster (ID): 175



Node: 176
init_ids (within search_for_point_and_prune): 712003 
L list: 17 1.49094
111 1.49876
27 1.51557
6 1.5176
33 1.5332
89 1.53633
67 1.53724
106 1.54785
78 1.54913
138 1.55166
76 1.56712
58 1.57246
74 1.57659
166 1.5821
124 1.58232
135 1.59169
0 1.59288
83 1.59916
148 1.60131
52 1.61121
125 1.61814
44 1.61955
114 1.61991
11 1.6214
133 1.6223

New Cluster (ID): 176



Node: 177
init_ids (within search_for_point_and_prune): 712003 
L list: 26 0.919789
60 0.937171
712003 0.98885
158 0.98933
38 0.992606
171 1.03903
165 1.0596
112 1.07605
109 1.1045
136 1.12395
56 1.14744
162 1.14816
110 1.18634
47 1.1972
90 1.21519
93 1.22315
152 1.23379
42 1.26025
49 1.26152
134 1.2674
129 1.26951
157 1.27058
80 1.31687
119 1.3637
151 1.36914

New Cluster (ID): 177



Node: 178
init_ids (within search_for_point_and_prune): 712003 
L list: 13 1.37365
147 1.47568
105 1.50145
143 1.51014
169 1.52003
85 1.53628
11 1.53962
52 1.54344
15 1.54419
56 1.54437
175 1.54637
101 1.56124
138 1.56306
5 1.56542
99 1.56781
161 1.58316
83 1.58497
27 1.58746
106 1.59002
34 1.59347
165 1.59437
98 1.59668
95 1.60562
129 1.60678
114 1.60885

New Cluster (ID): 178



Node: 179
init_ids (within search_for_point_and_prune): 712003 
L list: 92 0.296803
175 0.801505
39 0.824444
15 0.826267
91 0.850319
101 0.86251
168 0.876508
162 0.902067
129 1.01838
77 1.0523
165 1.17049
5 1.18967
90 1.22052
136 1.22393
712003 1.22914
151 1.23589
60 1.2526
171 1.26331
112 1.29655
109 1.31297
114 1.31485
128 1.3179
47 1.34388
85 1.35896
27 1.37412

New Cluster (ID): 179



Node: 180
init_ids (within search_for_point_and_prune): 712003 
L list: 38 1.29377
125 1.30685
26 1.34127
155 1.35433
112 1.39497
116 1.40617
60 1.40834
712003 1.41063
64 1.43742
148 1.44027
173 1.44375
47 1.45749
97 1.46961
56 1.47368
110 1.48044
136 1.48865
80 1.4955
61 1.51004
109 1.51615
102 1.5173
141 1.52177
165 1.52218
171 1.52844
158 1.53666
78 1.5372

New Cluster (ID): 180



Node: 181
init_ids (within search_for_point_and_prune): 712003 
L list: 129 0.732516
101 0.958711
15 0.996811
162 1.00896
136 1.01381
91 1.03426
165 1.05608
92 1.07918
90 1.0938
712003 1.10778
179 1.11015
175 1.11363
112 1.13635
39 1.14642
109 1.16629
77 1.17725
157 1.17769
60 1.17961
171 1.20427
151 1.20468
134 1.22817
158 1.24477
168 1.25472
85 1.25673
42 1.27193

New Cluster (ID): 181



Node: 182
init_ids (within search_for_point_and_prune): 712003 
L list: 67 1.3175
47 1.35503
26 1.40374
34 1.40613
66 1.4135
79 1.42105
97 1.42747
155 1.43406
177 1.43727
112 1.43749
106 1.44524
110 1.4678
161 1.47399
7 1.48686
64 1.49766
118 1.50022
712003 1.50175
65 1.50206
113 1.50553
133 1.5107
56 1.51073
20 1.51861
30 1.52394
9 1.52433
93 1.52856

New Cluster (ID): 182



Node: 183
init_ids (within search_for_point_and_prune): 712003 
L list: 150 1.33622
162 1.45029
161 1.46317
169 1.46523
122 1.48392
27 1.49433
159 1.50382
95 1.52559
13 1.52735
114 1.54037
30 1.54217
92 1.54236
85 1.54654
18 1.55467
68 1.55692
83 1.55992
59 1.56566
129 1.57208
58 1.59114
91 1.59219
124 1.59476
101 1.59882
168 1.60097
142 1.60395
33 1.60447

New Cluster (ID): 183



Node: 184
init_ids (within search_for_point_and_prune): 712003 
L list: 117 1.0266
12 1.04624
136 1.24407
19 1.2503
101 1.25205
129 1.26879
15 1.26891
179 1.27451
158 1.29596
28 1.30246
39 1.30605
91 1.31489
181 1.31957
712003 1.3216
92 1.32597
165 1.3289
151 1.33252
60 1.33459
162 1.33996
112 1.34287
168 1.35373
90 1.35553
47 1.37299
44 1.37413
175 1.38088

New Cluster (ID): 184



Node: 185
init_ids (within search_for_point_and_prune): 712003 
L list: 712003 1.21396
171 1.22115
165 1.23023
110 1.24998
60 1.25717
78 1.27805
38 1.29629
56 1.3115
112 1.31394
109 1.31925
26 1.32251
162 1.34175
80 1.34352
136 1.34866
125 1.37824
99 1.37858
177 1.3889
64 1.40829
85 1.42451
106 1.43262
107 1.44893
93 1.45087
52 1.45104
143 1.45232
25 1.45556

New Cluster (ID): 185



Node: 186
init_ids (within search_for_point_and_prune): 712003 
L list: 57 0.805733
24 1.02298
44 1.0562
139 1.17329
123 1.27611
168 1.40435
12 1.40645
171 1.42868
157 1.43724
101 1.44434
22 1.45492
162 1.45688
85 1.46111
129 1.46178
19 1.46616
26 1.46822
15 1.47008
5 1.47045
184 1.48061
92 1.48177
136 1.48804
38 1.49005
77 1.49151
179 1.49155
91 1.49203

New Cluster (ID): 186



Node: 187
init_ids (within search_for_point_and_prune): 712003 
L list: 65 1.44916
176 1.4845
71 1.48728
124 1.48767
11 1.48862
32 1.49906
41 1.51642
99 1.5174
138 1.52821
178 1.5384
113 1.5397
163 1.54078
83 1.56085
14 1.56775
37 1.57691
74 1.5783
106 1.58861
70 1.59096
61 1.59362
85 1.59489
52 1.60117
166 1.60314
147 1.60395
2 1.60397
164 1.61429

New Cluster (ID): 187



Node: 188
init_ids (within search_for_point_and_prune): 712003 
L list: 159 1.3609
111 1.43344
167 1.47172
160 1.47533
68 1.51427
89 1.52057
150 1.52422
138 1.52992
85 1.53503
61 1.53563
16 1.55903
131 1.56301
10 1.56408
183 1.5704
51 1.57591
137 1.57612
170 1.58318
18 1.58508
83 1.58681
126 1.58916
78 1.59571
106 1.60345
96 1.60397
59 1.6041
20 1.60733

New Cluster (ID): 188



Node: 189
init_ids (within search_for_point_and_prune): 712003 
L list: 66 1.22355
140 1.29675
22 1.36009
34 1.36791
168 1.41164
47 1.43055
12 1.44437
182 1.44587
118 1.48193
92 1.48612
175 1.49112
112 1.49125
177 1.49469
6 1.49591
14 1.49894
161 1.50031
73 1.50813
1 1.51103
129 1.51153
26 1.51191
9 1.51613
162 1.51679
60 1.52038
179 1.52245
109 1.52663

New Cluster (ID): 189



Node: 190
init_ids (within search_for_point_and_prune): 712003 
L list: 119 1.17433
56 1.26835
93 1.27973
29 1.35107
47 1.36275
152 1.3908
112 1.41442
177 1.42758
158 1.43566
2 1.44973
712003 1.4665
38 1.46952
97 1.47476
6 1.48073
80 1.49161
113 1.49162
110 1.49204
172 1.49647
148 1.50847
109 1.51434
79 1.52044
26 1.52207
125 1.52375
174 1.52509
9 1.52905

New Cluster (ID): 190



Node: 191
init_ids (within search_for_point_and_prune): 712003 
L list: 80 1.24378
48 1.27388
86 1.33077
70 1.40843
122 1.42515
12 1.42584
22 1.43389
28 1.43998
21 1.45504
105 1.48435
20 1.49667
71 1.5085
180 1.5153
72 1.52672
139 1.52751
128 1.5323
34 1.53489
43 1.54061
184 1.54085
127 1.54396
158 1.54827
23 1.55215
155 1.5577
113 1.5693
712003 1.57287

New Cluster (ID): 191



Node: 192
init_ids (within search_for_point_and_prune): 712003 
L list: 15 1.28962
92 1.29039
64 1.30051
9 1.30457
77 1.31456
168 1.31846
38 1.32383
162 1.33036
112 1.3511
136 1.35343
712003 1.35481
5 1.35633
179 1.3656
101 1.37102
128 1.39647
171 1.40184
91 1.40856
103 1.41047
47 1.41426
129 1.41434
175 1.42726
110 1.43025
158 1.43819
165 1.44776
20 1.45316

New Cluster (ID): 192



Node: 193
init_ids (within search_for_point_and_prune): 712003 
L list: 44 1.51013
108 1.51604
59 1.5164
33 1.51969
112 1.5234
123 1.53553
141 1.53649
712003 1.53742
157 1.54836
42 1.55903
85 1.56475
5 1.56536
0 1.56771
105 1.56934
165 1.57181
28 1.57204
148 1.5806
9 1.58611
60 1.5878
70 1.59057
7 1.59285
10 1.60024
189 1.60026
177 1.60139
37 1.60286

New Cluster (ID): 193



Node: 194
init_ids (within search_for_point_and_prune): 712003 
L list: 119 1.10065
152 1.17813
97 1.18483
93 1.23257
6 1.24801
172 1.2541
5 1.2845
47 1.30411
80 1.31794
712003 1.32533
112 1.33615
158 1.33854
133 1.38448
116 1.38532
171 1.38942
177 1.391
43 1.41208
149 1.41371
140 1.41683
2 1.41688
60 1.42176
190 1.42305
174 1.44179
110 1.44661
38 1.45878

New Cluster (ID): 194



Node: 195
init_ids (within search_for_point_and_prune): 712003 
L list: 49 1.32815
26 1.40958
71 1.4198
35 1.44128
712003 1.46732
134 1.47173
162 1.47679
156 1.47908
142 1.48561
42 1.50525
46 1.51094
166 1.51458
167 1.51583
109 1.51655
101 1.51805
157 1.524
60 1.53289
129 1.53361
38 1.53781
177 1.53976
16 1.54017
15 1.54175
89 1.54221
39 1.54486
165 1.55565

New Cluster (ID): 195



Node: 196
init_ids (within search_for_point_and_prune): 712003 
L list: 59 1.31955
100 1.47902
166 1.54811
28 1.5736
86 1.59963
0 1.60439
167 1.60881
142 1.60938
105 1.61569
137 1.63164
22 1.63484
61 1.63657
49 1.63871
149 1.65361
32 1.65924
188 1.66294
57 1.68367
120 1.68914
41 1.69125
72 1.69289
191 1.69447
122 1.69466
193 1.69524
89 1.69606
83 1.69841

New Cluster (ID): 196



Node: 197
init_ids (within search_for_point_and_prune): 712003 
L list: 56 1.00749
190 1.06086
177 1.14736
47 1.17091
112 1.20965
110 1.24622
38 1.27683
712003 1.29552
182 1.30695
60 1.3231
26 1.33358
93 1.34158
20 1.35134
97 1.36946
6 1.38212
171 1.3954
192 1.39858
103 1.40126
165 1.4093
66 1.41905
109 1.42393
158 1.43309
162 1.43363
119 1.43687
136 1.43831

New Cluster (ID): 197



Node: 198
init_ids (within search_for_point_and_prune): 712003 
L list: 62 1.47092
17 1.54517
116 1.55469
146 1.55768
148 1.559
152 1.56032
194 1.56881
144 1.57219
81 1.59807
1 1.59885
40 1.6027
11 1.60794
171 1.60865
143 1.61059
38 1.61636
86 1.61951
6 1.62571
112 1.62686
77 1.62865
165 1.63529
172 1.63942
58 1.64156
26 1.64285
48 1.64285
133 1.64547

New Cluster (ID): 198



Node: 199
init_ids (within search_for_point_and_prune): 712003 
L list: 103 1.29794
110 1.46145
38 1.46534
26 1.46867
712003 1.4731
134 1.48029
180 1.4824
143 1.48476
49 1.49019
56 1.49067
64 1.49449
112 1.495
102 1.49944
145 1.51224
60 1.52622
20 1.53328
147 1.53732
75 1.54668
197 1.54913
177 1.56126
22 1.56721
195 1.56837
31 1.5805
74 1.58092
97 1.58454

New Cluster (ID): 199
Starting final cleanup..done. Link time: 0.080551s
Total number of clusters: 201
Cluster size distribution saved in file: /home/t-avarhade/Amey/DiskANN/clustering-results/openai-sentencechunk/1pass_cluster_distribution_r16_l25_m5_s100000000_h2_f1_debug3.txt
ERROR: non_cluster_points (0) does not equal _nd - cluster_to_node.size() (999799)
_nd: 1000000, node_to_cluster.size(): 201
Average Multiplicity: 0.000201, Max Multiplicity: 1, Min Multiplicity: 1
Average Cluster Size: 1, Max Cluster Size: 1, Min Cluster Size: 1
Total number of unit clusters: 201
Cluster to Node mapping saved in file: /home/t-avarhade/ann-datasets/index/1pass_cluster_r16_l25_m5_s100000000_h2_f1
Points in graph/cluster centers: 201
Index built with degree: max:16  avg:15.5373  min:7  count(deg<2):0  count(deg=0):0
Indexing time: 2.46018
Saved. Number of clusters: 201
Not saving tags as they are not enabled.
Time taken for save: 12.6398s.
