Cluster Size, Frequency
1, 181377
2, 1914
3, 2522
4, 2794
5, 2946
6, 3065
7, 2930
8, 2811
9, 2787
10, 2560
11, 2401
12, 2242
13, 2190
14, 2004
15, 1884
16, 1736
17, 1700
18, 1534
19, 1452
20, 1431
21, 1321
22, 1214
23, 1218
24, 1086
25, 1027
26, 962
27, 943
28, 926
29, 905
30, 801
31, 747
32, 770
33, 688
34, 643
35, 638
36, 619
37, 590
38, 559
39, 525
40, 530
41, 479
42, 479
43, 468
44, 476
45, 440
46, 417
47, 380
48, 398
49, 382
50, 391
51, 349
52, 329
53, 329
54, 334
55, 293
56, 290
57, 274
58, 270
59, 237
60, 227
61, 221
62, 242
63, 229
64, 234
65, 203
66, 200
67, 198
68, 193
69, 180
70, 186
71, 175
72, 187
73, 156
74, 156
75, 165
76, 155
77, 133
78, 156
79, 145
80, 153
81, 128
82, 158
83, 132
84, 122
85, 126
86, 119
87, 130
88, 117
89, 115
90, 119
91, 89
92, 91
93, 101
94, 106
95, 101
96, 88
97, 67
98, 81
99, 78
100, 90
101, 77
102, 92
103, 77
104, 80
105, 78
106, 92
107, 71
108, 76
109, 59
110, 63
111, 66
112, 78
113, 61
114, 84
115, 67
116, 63
117, 56
118, 51
119, 61
120, 57
121, 53
122, 52
123, 42
124, 53
125, 37
126, 47
127, 53
128, 47
129, 51
130, 48
131, 39
132, 40
133, 40
134, 44
135, 42
136, 48
137, 42
138, 42
139, 50
140, 36
141, 40
142, 35
143, 31
144, 40
145, 26
146, 34
147, 32
148, 23
149, 50
150, 24
151, 34
152, 26
153, 37
154, 29
155, 28
156, 28
157, 36
158, 34
159, 29
160, 29
161, 21
162, 22
163, 26
164, 22
165, 26
166, 25
167, 23
168, 29
169, 23
170, 24
171, 23
172, 20
173, 31
174, 20
175, 23
176, 27
177, 25
178, 19
179, 21
180, 13
181, 22
182, 22
183, 18
184, 14
185, 19
186, 14
187, 26
188, 21
189, 18
190, 16
191, 17
192, 15
193, 10
194, 19
195, 17
196, 21
197, 14
198, 18
199, 16
200, 15
201, 14
202, 18
203, 17
204, 18
205, 20
206, 17
207, 16
208, 11
209, 17
210, 9
211, 18
212, 14
213, 12
214, 10
215, 17
216, 17
217, 9
218, 15
219, 12
220, 16
221, 12
222, 7
223, 21
224, 15
225, 12
226, 7
227, 11
228, 5
229, 11
230, 13
231, 9
232, 13
233, 11
234, 10
235, 10
236, 14
237, 10
238, 8
239, 9
240, 13
241, 7
242, 13
243, 17
244, 5
245, 8
246, 7
247, 9
248, 10
249, 10
250, 11
251, 7
252, 17
253, 14
254, 14
255, 6
256, 10
257, 10
258, 11
259, 10
260, 12
261, 11
262, 7
263, 7
264, 8
265, 3
266, 1
267, 6
268, 5
269, 8
270, 10
271, 6
272, 5
273, 4
274, 7
275, 9
276, 8
277, 11
278, 13
279, 8
280, 7
281, 7
282, 7
283, 5
284, 6
285, 6
286, 7
287, 7
288, 11
289, 10
290, 9
291, 9
292, 12
293, 4
294, 4
295, 12
296, 6
297, 5
298, 6
299, 4
300, 6
301, 6
302, 12
303, 5
304, 5
305, 6
306, 4
307, 5
308, 7
309, 4
310, 6
311, 5
312, 9
313, 7
314, 8
315, 12
316, 3
317, 5
318, 1
319, 2
320, 7
321, 9
322, 5
323, 6
324, 8
325, 4
326, 6
327, 6
328, 4
329, 5
330, 3
331, 3
332, 6
333, 4
334, 6
335, 1
336, 4
337, 4
338, 2
339, 4
340, 2
341, 2
342, 3
343, 5
344, 4
345, 10
346, 4
347, 3
348, 7
349, 3
350, 2
351, 8
352, 5
353, 6
354, 4
355, 4
356, 7
357, 3
358, 5
359, 2
360, 5
361, 5
362, 4
363, 5
364, 2
365, 1
366, 6
367, 2
368, 3
369, 2
370, 7
371, 4
372, 1
373, 2
374, 1
375, 5
376, 5
377, 5
378, 2
379, 6
380, 5
381, 5
382, 6
383, 3
384, 2
385, 2
386, 5
387, 4
388, 1
390, 5
391, 3
392, 2
393, 2
395, 2
396, 3
397, 2
398, 5
399, 3
400, 5
401, 6
402, 3
403, 1
404, 2
405, 5
406, 5
407, 1
408, 3
409, 6
410, 1
412, 2
413, 2
414, 1
416, 2
417, 3
418, 5
419, 5
420, 3
421, 2
423, 3
424, 1
425, 1
426, 2
427, 2
428, 6
429, 1
430, 2
432, 2
433, 3
436, 3
437, 4
438, 3
439, 1
441, 2
442, 2
443, 1
444, 4
445, 1
446, 3
447, 5
448, 2
449, 3
450, 1
451, 2
452, 2
453, 1
454, 2
455, 3
457, 1
458, 4
459, 1
460, 1
461, 1
462, 2
463, 1
465, 4
466, 2
467, 1
468, 3
469, 1
470, 6
471, 3
473, 2
474, 2
475, 1
476, 1
477, 3
478, 2
479, 1
480, 3
481, 3
482, 2
483, 3
486, 2
488, 6
489, 2
490, 5
491, 2
492, 4
494, 1
495, 1
496, 2
497, 2
498, 2
499, 1
500, 2
501, 1
502, 1
503, 3
504, 2
505, 1
506, 3
507, 1
508, 2
509, 2
510, 5
511, 2
513, 2
514, 3
515, 1
516, 1
517, 2
518, 2
519, 1
520, 2
521, 2
522, 3
523, 6
524, 4
525, 1
526, 1
527, 2
529, 4
530, 3
531, 1
532, 2
533, 2
534, 4
535, 2
536, 1
537, 3
539, 1
540, 4
541, 2
542, 1
543, 1
544, 2
545, 2
546, 2
547, 2
548, 2
550, 2
551, 2
552, 2
554, 1
555, 2
556, 5
557, 4
558, 1
559, 1
560, 1
562, 2
564, 1
565, 1
566, 1
568, 1
569, 2
571, 1
572, 3
573, 3
574, 1
575, 1
576, 2
577, 1
579, 2
580, 1
583, 3
585, 2
586, 4
587, 1
589, 3
590, 2
591, 1
593, 1
594, 1
595, 2
596, 1
597, 2
598, 3
599, 2
600, 2
602, 1
604, 1
605, 2
606, 2
607, 2
608, 1
609, 3
610, 1
612, 2
613, 3
614, 2
619, 1
621, 1
622, 1
623, 1
624, 2
625, 1
627, 2
628, 1
629, 1
634, 1
635, 3
636, 1
638, 3
641, 1
642, 1
643, 1
647, 1
648, 1
650, 2
651, 3
652, 2
653, 1
655, 1
659, 2
660, 2
662, 1
663, 1
665, 1
668, 2
671, 1
674, 1
675, 1
676, 1
678, 1
680, 1
681, 1
682, 1
683, 1
684, 1
686, 1
691, 1
695, 2
696, 1
697, 2
703, 1
705, 1
707, 1
709, 1
711, 2
714, 2
715, 1
720, 1
722, 1
723, 1
725, 1
726, 2
728, 2
729, 1
733, 1
736, 2
737, 1
740, 1
741, 1
742, 1
743, 1
745, 1
746, 2
751, 1
752, 1
754, 1
756, 1
757, 1
760, 1
761, 1
763, 2
766, 2
771, 1
773, 1
778, 2
779, 1
782, 2
784, 1
785, 2
787, 1
788, 1
790, 3
791, 2
793, 1
794, 1
796, 2
797, 2
805, 1
806, 1
807, 1
809, 1
810, 1
814, 1
815, 1
817, 1
818, 2
820, 1
821, 1
822, 1
825, 1
826, 1
829, 1
830, 1
831, 1
833, 1
838, 1
842, 1
843, 2
850, 1
851, 1
853, 1
857, 1
858, 1
859, 2
863, 1
867, 1
868, 3
870, 2
872, 1
873, 2
874, 1
875, 1
880, 1
883, 2
887, 2
890, 1
898, 1
899, 1
902, 2
906, 1
907, 4
908, 1
909, 1
912, 1
915, 2
918, 1
923, 1
925, 1
928, 1
929, 1
930, 1
931, 1
932, 1
935, 1
936, 1
939, 1
944, 1
946, 2
947, 1
949, 1
950, 2
956, 1
960, 1
961, 1
962, 1
965, 3
967, 1
968, 1
971, 1
975, 1
980, 2
982, 1
994, 1
1002, 1
1006, 1
1008, 1
1018, 1
1020, 2
1023, 1
1027, 1
1032, 1
1039, 1
1040, 1
1057, 2
1058, 1
1061, 1
1065, 2
1075, 1
1077, 2
1086, 1
1089, 1
1092, 1
1095, 1
1097, 1
1098, 1
1106, 1
1110, 1
1112, 1
1119, 1
1128, 1
1130, 1
1132, 2
1133, 1
1135, 1
1139, 1
1141, 1
1166, 1
1169, 1
1170, 1
1171, 1
1174, 1
1175, 1
1177, 1
1179, 1
1180, 1
1197, 1
1206, 2
1208, 1
1212, 1
1219, 1
1221, 1
1223, 2
1240, 1
1263, 1
1268, 1
1280, 1
1288, 1
1290, 1
1292, 1
1293, 1
1294, 1
1303, 1
1311, 1
1315, 1
1321, 1
1322, 1
1329, 1
1334, 1
1348, 1
1354, 1
1367, 1
1379, 1
1400, 1
1419, 1
1429, 1
1435, 1
1438, 1
1439, 2
1440, 1
1451, 1
1466, 1
1468, 1
1469, 1
1482, 1
1497, 1
1504, 1
1539, 1
1541, 1
1547, 1
1580, 1
1582, 1
1587, 1
1588, 1
1589, 1
1612, 1
1618, 1
1623, 1
1633, 1
1636, 1
1637, 1
1640, 1
1658, 1
1661, 1
1682, 1
1683, 1
1687, 1
1694, 1
1697, 1
1706, 1
1716, 1
1717, 1
1725, 1
1731, 1
1754, 1
1762, 1
1801, 1
1828, 1
1834, 1
1835, 3
1837, 1
1840, 1
1857, 1
1862, 1
1865, 1
1885, 1
1897, 1
1932, 1
1935, 1
1943, 1
1963, 1
1965, 1
1981, 1
2002, 1
2020, 1
2037, 1
2053, 1
2066, 1
2119, 1
2133, 1
2157, 1
2164, 1
2251, 1
2254, 1
2286, 1
2296, 1
2323, 1
2410, 1
2419, 1
2453, 1
2475, 1
2496, 1
2541, 1
2546, 1
2550, 1
2572, 1
2575, 1
2596, 1
2602, 1
2615, 1
2632, 1
2633, 1
2702, 1
2813, 1
2822, 1
2832, 1
2916, 1
2943, 1
3048, 1
3060, 1
3127, 1
3141, 1
3159, 1
3208, 1
3253, 1
3272, 1
3276, 2
3296, 1
3312, 1
3342, 1
3395, 1
3456, 1
3606, 2
3744, 1
3765, 1
3812, 1
4057, 1
4232, 1
4314, 1
4609, 1
4715, 1
4788, 1
4884, 1
4946, 1
5004, 1
5076, 1
5123, 1
5278, 1
5350, 1
5546, 1
5653, 1
5772, 1
5915, 1
6027, 1
6151, 1
6257, 1
6315, 1
6359, 1
6375, 1
6809, 1
6945, 1
7381, 1
7746, 1
7759, 1
8877, 1
9069, 1
10122, 1
10349, 1
10407, 1
10633, 1
11335, 1
11821, 1
13663, 1
17738, 1
19744, 1
20726, 1
24421, 1
29153, 1
42373, 1



